
Processing data.cc++("$dir", "D02Kmpip_15_Up", "up")...

[1mRooFit v3.60 -- Developed by Wouter Verkerke and David Kirkby[0m 
                Copyright (C) 2000-2013 NIKHEF, University of California & Stanford University
                All rights reserved, please read http://roofit.sourceforge.net/license.txt

[#1] INFO:Eval -- RooRealVar::setRange(DTF_Mass) new range named 'left' created with bounds [2004.47,2009.8]
[#1] INFO:Eval -- RooRealVar::setRange(DTF_Mass) new range named 'right' created with bounds [2010.5,2020.11]
[#1] INFO:Eval -- RooAbsReal::attachToTree(Dst_ID) TTree Int_t branch Dst_ID will be converted to double precision
[#1] INFO:Eval -- RooTreeDataStore::loadValues(dataset1) Ignored 1291880 out of range events
[#1] INFO:Eval -- RooAbsReal::attachToTree(Dst_ID) TTree Int_t branch Dst_ID will be converted to double precision
[#1] INFO:Eval -- RooTreeDataStore::loadValues(dataset2) Ignored 1347616 out of range events
[#1] INFO:NumericIntegration -- RooRealIntegral::init(arg_neg_Int[DTF_Mass]) using numeric integrator RooIntegrator1D to calculate Int(DTF_Mass)
[#1] INFO:Eval -- RooAbsTestStatistic::initMPMode: started 8 remote server process.
 **********
 **   13 **HESSE        3500
 **********
 FIRST CALL TO USER FUNCTION AT NEW START POINT, WITH IFLAG=4.
[#1] INFO:NumericIntegration -- RooRealIntegral::init(arg_neg_Int[DTF_Mass]) using numeric integrator RooIntegrator1D to calculate Int(DTF_Mass)
[#1] INFO:NumericIntegration -- RooRealIntegral::init(arg_neg_Int[DTF_Mass]) using numeric integrator RooIntegrator1D to calculate Int(DTF_Mass)
[#1] INFO:NumericIntegration -- RooRealIntegral::init(arg_neg_Int[DTF_Mass]) using numeric integrator RooIntegrator1D to calculate Int(DTF_Mass)
[#1] INFO:NumericIntegration -- RooRealIntegral::init(arg_neg_Int[DTF_Mass]) using numeric integrator RooIntegrator1D to calculate Int(DTF_Mass)
[#1] INFO:NumericIntegration -- RooRealIntegral::init(arg_neg_Int[DTF_Mass]) using numeric integrator RooIntegrator1D to calculate Int(DTF_Mass)
[#1] INFO:NumericIntegration -- RooRealIntegral::init(arg_neg_Int[DTF_Mass]) using numeric integrator RooIntegrator1D to calculate Int(DTF_Mass)
[#1] INFO:NumericIntegration -- RooRealIntegral::init(arg_neg_Int[DTF_Mass]) using numeric integrator RooIntegrator1D to calculate Int(DTF_Mass)
[#1] INFO:Minization -- RooNLLVar::evaluatePartition(nll_model_neg_dataset1_GOF2) first = 336904 last = 505356 Likelihood offset now set to 293887
[#1] INFO:NumericIntegration -- RooRealIntegral::init(arg_neg_Int[DTF_Mass]) using numeric integrator RooIntegrator1D to calculate Int(DTF_Mass)
[#1] INFO:Minization -- RooNLLVar::evaluatePartition(nll_model_neg_dataset1_GOF3) first = 505356 last = 673808 Likelihood offset now set to 294554
[#1] INFO:Minization -- RooNLLVar::evaluatePartition(nll_model_neg_dataset1_GOF0) first = 0 last = 168452 Likelihood offset now set to 294147
[#1] INFO:Minization -- RooNLLVar::evaluatePartition(nll_model_neg_dataset1_GOF4) first = 673808 last = 842260 Likelihood offset now set to 294173
[#1] INFO:Minization -- RooNLLVar::evaluatePartition(nll_model_neg_dataset1_GOF5) first = 842260 last = 1010712 Likelihood offset now set to 295640
[#1] INFO:Minization -- RooNLLVar::evaluatePartition(nll_model_neg_dataset1_GOF7) first = 1179164 last = 1347616 Likelihood offset now set to -1.73757e+07
[#1] INFO:Minization -- RooNLLVar::evaluatePartition(nll_model_neg_dataset1_GOF1) first = 168452 last = 336904 Likelihood offset now set to 295595
[#1] INFO:Minization -- RooNLLVar::evaluatePartition(nll_model_neg_dataset1_GOF6) first = 1010712 last = 1179164 Likelihood offset now set to 294024
 MINUIT WARNING IN HESSE   
 ============== Negative diagonal element 2 in Error Matrix
 MINUIT WARNING IN HESSE   
 ============== 2232.43 added to diagonal of error matrix
 EIGENVALUES OF SECOND-DERIVATIVE MATRIX:
        -6.6123e+01  8.8407e-02  4.0854e-01  1.0000e+00  1.1385e+00  1.8950e+00  6.8593e+01
 MINUIT WARNING IN HESSE   
 ============== MATRIX FORCED POS-DEF BY ADDING 66.191657 TO DIAGONAL.
 FCN=5.82077e-11 FROM HESSE     STATUS=NOT POSDEF     66 CALLS          67 TOTAL
                     EDM=3.81476e+08    STRATEGY= 1      ERR MATRIX NOT POS-DEF
  EXT PARAMETER                APPROXIMATE     INTERNAL      INTERNAL  
  NO.   NAME      VALUE            ERROR       STEP SIZE       VALUE   
   1  N1           1.00000e+03   2.44948e+00   5.00000e-01  -4.42911e-01
   2  a1           2.00390e+03   4.13707e+00   1.97382e-03   8.40485e-01
   3  b1           1.30000e+00   1.46865e-02   2.39777e-03  -5.51317e-01
   4  bkg_yield    2.80000e+05   5.94963e+02   2.05758e-03  -2.01358e-01
   5  mean         2.01000e+03   6.78157e-05   2.01358e-03   0.00000e+00
   6  sig_yield    1.00000e+06   4.17697e+02   2.57889e-03   6.43501e-01
   7  sigma        3.10000e-01   1.93174e-04   2.41688e-03  -5.62536e-01
                               ERR DEF= 0.5
 EXTERNAL ERROR MATRIX.    NDIM=  25    NPAR=  7    ERR DEF=0.5
  6.000e+00  4.067e-09 -1.479e-11 -5.951e-07  3.532e-14  4.042e-07  1.890e-13 
  4.067e-09  1.627e+01 -5.916e-02 -2.380e+03  1.413e-04  1.617e+03  7.560e-04 
 -1.479e-11 -5.916e-02  2.157e-04  8.656e+00 -5.137e-07 -5.880e+00 -2.749e-06 
 -5.951e-07 -2.380e+03  8.656e+00  3.540e+05 -2.068e-02 -2.366e+05 -1.106e-01 
  3.532e-14  1.413e-04 -5.137e-07 -2.068e-02  4.599e-09  1.405e-02  6.531e-09 
  4.042e-07  1.617e+03 -5.880e+00 -2.366e+05  1.405e-02  1.745e+05  7.515e-02 
  1.890e-13  7.560e-04 -2.749e-06 -1.106e-01  6.531e-09  7.515e-02  3.732e-08 
ERR MATRIX NOT POS-DEF
 PARAMETER  CORRELATION COEFFICIENTS  
       NO.  GLOBAL      1      2      3      4      5      6      7
        1  0.00000   1.000  0.000 -0.000 -0.000  0.000  0.000  0.000
        2  0.99898   0.000  1.000 -0.999 -0.992  0.516  0.960  0.970
        3  0.99875  -0.000 -0.999  1.000  0.991 -0.516 -0.959 -0.969
        4  0.99193  -0.000 -0.992  0.991  1.000 -0.513 -0.952 -0.963
        5  0.51661   0.000  0.516 -0.516 -0.513  1.000  0.496  0.499
        6  0.95975   0.000  0.960 -0.959 -0.952  0.496  1.000  0.931
        7  0.97033   0.000  0.970 -0.969 -0.963  0.499  0.931  1.000
 ERR MATRIX NOT POS-DEF
 **********
 **   13 **MIGRAD        3500           1
 **********
 FIRST CALL TO USER FUNCTION AT NEW START POINT, WITH IFLAG=4.
 START MIGRAD MINIMIZATION.  STRATEGY  1.  CONVERGENCE WHEN EDM .LT. 1.00e-03
 FCN=-7379.2 FROM MIGRAD    STATUS=INITIATE       55 CALLS          56 TOTAL
                     EDM= unknown      STRATEGY= 1      NO ERROR MATRIX       
  EXT PARAMETER               CURRENT GUESS       STEP         FIRST   
  NO.   NAME      VALUE            ERROR          SIZE      DERIVATIVE 
   1  N1           1.00000e+03   2.44948e+00   0.00000e+00   1.12719e-08
   2  a1           2.00075e+03   4.13707e+00  -1.56884e+00   1.28274e+03
   3  b1           1.30000e+00   1.46865e-02   0.00000e+00   1.73061e+04
   4  bkg_yield    2.80000e+05   5.94963e+02   0.00000e+00  -2.41714e+04
   5  mean         2.01000e+03   6.78157e-05   0.00000e+00  -5.57002e+06
   6  sig_yield    1.00000e+06   4.17697e+02   0.00000e+00  -2.39401e+04
   7  sigma        3.10000e-01   1.93174e-04   0.00000e+00  -5.05705e+05
                               ERR DEF= 0.5
 MIGRAD MINIMIZATION HAS CONVERGED.
 FCN=-477584 FROM MIGRAD    STATUS=CONVERGED     243 CALLS         244 TOTAL
                     EDM=6.44455e-06    STRATEGY= 1  ERROR MATRIX UNCERTAINTY   0.0 per cent
  EXT PARAMETER                                   STEP         FIRST   
  NO.   NAME      VALUE            ERROR          SIZE      DERIVATIVE 
   1  N1           9.99363e+02   1.49067e+03   1.51913e-07   0.00000e+00
   2  a1           2.00236e+03   1.34496e-01  -1.48948e-03   5.44656e-02
   3  b1           1.21462e+00   2.27665e-02   2.99669e-04   8.09861e-02
   4  bkg_yield    2.41662e+05   6.81567e+02  -1.83883e-06  -1.59332e-01
   5  mean         2.01027e+03   2.99899e-04  -1.75847e-06   5.67992e+00
   6  sig_yield    1.10596e+06   1.14987e+03  -2.38586e-05   4.35613e-01
   7  sigma        4.28039e-01   6.28117e-04   2.83754e-05  -1.53629e+00
                               ERR DEF= 0.5
 EXTERNAL ERROR MATRIX.    NDIM=  25    NPAR=  7    ERR DEF=0.5
  1.030e+11 -1.003e-03  7.316e-05  1.103e+00 -1.608e-07  2.362e+00 -1.509e-06 
 -1.003e-03  1.811e-02 -2.885e-03  2.136e+01 -8.889e-07 -2.113e+01 -1.050e-05 
  7.316e-05 -2.885e-03  5.183e-04 -5.637e+00  1.100e-07  5.554e+00  3.014e-06 
  1.103e+00  2.136e+01 -5.637e+00  4.645e+05 -1.635e-03 -2.261e+05 -1.305e-01 
 -1.608e-07 -8.889e-07  1.100e-07 -1.635e-03  8.994e-08  2.631e-03 -4.993e-10 
  2.362e+00 -2.113e+01  5.554e+00 -2.261e+05  2.631e-03  1.322e+06  1.304e-01 
 -1.509e-06 -1.050e-05  3.014e-06 -1.305e-01 -4.993e-10  1.304e-01  3.945e-07 
 PARAMETER  CORRELATION COEFFICIENTS  
       NO.  GLOBAL      1      2      3      4      5      6      7
        1  0.00000   1.000 -0.000  0.000  0.000 -0.000  0.000 -0.000
        2  0.95084  -0.000  1.000 -0.942  0.233 -0.022 -0.137 -0.124
        3  0.95573   0.000 -0.942  1.000 -0.363  0.016  0.212  0.211
        4  0.53311   0.000  0.233 -0.363  1.000 -0.008 -0.289 -0.305
        5  0.02893  -0.000 -0.022  0.016 -0.008  1.000  0.008 -0.003
        6  0.33865   0.000 -0.137  0.212 -0.289  0.008  1.000  0.181
        7  0.36030  -0.000 -0.124  0.211 -0.305 -0.003  0.181  1.000
 **********
 **   13 **IMPROVE        3500
 **********
 FUNCTION MUST BE MINIMIZED BEFORE CALLING IMProve   
 FIRST CALL TO USER FUNCTION AT NEW START POINT, WITH IFLAG=4.
 START MIGRAD MINIMIZATION.  STRATEGY  1.  CONVERGENCE WHEN EDM .LT. 5.00e-05
 FCN=-477584 FROM MIGRAD    STATUS=INITIATE      343 CALLS         344 TOTAL
                     EDM= unknown      STRATEGY= 1      NO ERROR MATRIX       
  EXT PARAMETER               CURRENT GUESS       STEP         FIRST   
  NO.   NAME      VALUE            ERROR          SIZE      DERIVATIVE 
   1  N1           9.99363e+02   1.49067e+03   0.00000e+00   0.00000e+00
   2  a1           2.00236e+03   1.34496e-01   0.00000e+00   5.45229e-02
   3  b1           1.21462e+00   2.27665e-02   0.00000e+00   8.09814e-02
   4  bkg_yield    2.41662e+05   6.81567e+02   0.00000e+00  -1.59335e-01
   5  mean         2.01027e+03   2.99899e-04   0.00000e+00   5.67992e+00
   6  sig_yield    1.10596e+06   1.14987e+03   0.00000e+00   4.35635e-01
   7  sigma        4.28039e-01   6.28117e-04   0.00000e+00  -1.53630e+00
                               ERR DEF= 0.5
 MIGRAD MINIMIZATION HAS CONVERGED.
 MIGRAD WILL VERIFY CONVERGENCE AND ERROR MATRIX.
 COVARIANCE MATRIX CALCULATED SUCCESSFULLY
 FCN=-477584 FROM MIGRAD    STATUS=CONVERGED     419 CALLS         420 TOTAL
                     EDM=2.13643e-06    STRATEGY= 1      ERROR MATRIX ACCURATE 
  EXT PARAMETER                                   STEP         FIRST   
  NO.   NAME      VALUE            ERROR          SIZE      DERIVATIVE 
   1  N1           9.99363e+02   1.32179e+03   4.77211e-01   0.00000e+00
   2  a1           2.00236e+03   1.38156e-01   8.90391e-03  -4.96000e-02
   3  b1           1.21462e+00   2.34029e-02   1.84699e-03  -1.67288e-01
   4  bkg_yield    2.41662e+05   6.85137e+02   8.31520e-04  -8.11729e-02
   5  mean         2.01027e+03   3.00679e-04   7.23898e-05   1.25971e+00
   6  sig_yield    1.10595e+06   1.15473e+03   1.29791e-03   2.86727e-01
   7  sigma        4.28040e-01   6.31405e-04   6.48692e-04  -1.16735e-01
                               ERR DEF= 0.5
 EXTERNAL ERROR MATRIX.    NDIM=  25    NPAR=  7    ERR DEF=0.5
  1.759e+15 -4.135e+02  7.292e+01 -2.676e+05  9.527e-03  6.622e+05  8.597e-01 
 -4.135e+02  1.911e-02 -3.058e-03  2.238e+01 -7.002e-07 -2.235e+01 -1.110e-05 
  7.292e+01 -3.058e-03  5.477e-04 -5.798e+00  7.359e-08  5.792e+00  3.089e-06 
 -2.676e+05  2.238e+01 -5.798e+00  4.694e+05 -1.383e-03 -2.275e+05 -1.339e-01 
  9.527e-03 -7.002e-07  7.359e-08 -1.383e-03  9.041e-08  1.383e-03  8.612e-10 
  6.622e+05 -2.235e+01  5.792e+00 -2.275e+05  1.383e-03  1.333e+06  1.338e-01 
  8.597e-01 -1.110e-05  3.089e-06 -1.339e-01  8.612e-10  1.338e-01  3.987e-07 
 PARAMETER  CORRELATION COEFFICIENTS  
       NO.  GLOBAL      1      2      3      4      5      6      7
        1  0.00008   1.000 -0.000  0.000 -0.000  0.000  0.000  0.000
        2  0.95356  -0.000  1.000 -0.945  0.236 -0.017 -0.140 -0.127
        3  0.95803   0.000 -0.945  1.000 -0.362  0.010  0.214  0.209
        4  0.53253  -0.000  0.236 -0.362  1.000 -0.007 -0.288 -0.310
        5  0.02702   0.000 -0.017  0.010 -0.007  1.000  0.004  0.005
        6  0.34094   0.000 -0.140  0.214 -0.288  0.004  1.000  0.184
        7  0.36107   0.000 -0.127  0.209 -0.310  0.005  0.184  1.000
START ATTEMPT NO. 1 TO FIND NEW MINIMUM
 IMPROVE HAS RETURNED TO REGION OF ORIGINAL MINIMUM
 **********
 **   13 **HESSE        3500
 **********
 FIRST CALL TO USER FUNCTION AT NEW START POINT, WITH IFLAG=4.
 EIGENVALUES OF SECOND-DERIVATIVE MATRIX:
        -1.0793e-02  5.3006e-01  9.9900e-01  1.0000e+00  1.0711e+00  1.1839e+00  2.2268e+00
 MINUIT WARNING IN HESSE   
 ============== MATRIX FORCED POS-DEF BY ADDING 0.013020 TO DIAGONAL.
 FCN=-477584 FROM HESSE     STATUS=NOT POSDEF     72 CALLS          73 TOTAL
                     EDM=1.82028e-05    STRATEGY= 1      ERR MATRIX NOT POS-DEF
  EXT PARAMETER                APPROXIMATE     INTERNAL      INTERNAL  
  NO.   NAME      VALUE            ERROR       STEP SIZE       VALUE   
   1  N1           9.99363e+02   1.55196e+03   5.00000e-01  -4.43583e-01
   2  a1           2.00236e+03   6.07977e-01   2.84927e-01   5.40634e-02
   3  b1           1.21462e+00   1.02361e-01   5.91036e-02  -5.99787e-01
   4  bkg_yield    2.41662e+05   9.64980e+02   2.09981e-02  -3.14707e-01
   5  mean         2.01027e+03   2.99889e-04   1.51749e-05   1.36420e-01
   6  sig_yield    1.10595e+06   1.32297e+03   2.95099e-02   8.78101e-01
   7  sigma        4.28040e-01   7.03562e-04   1.48683e-02  -2.74456e-01
                               ERR DEF= 0.5
 EXTERNAL ERROR MATRIX.    NDIM=  25    NPAR=  7    ERR DEF=0.5
  1.907e+15 -2.657e+02  4.388e+01 -3.013e+05  7.059e-01  3.226e+05  1.466e-01 
 -2.657e+02  3.792e-01 -6.289e-02  4.327e+02 -1.646e-05 -4.207e+02 -2.032e-04 
  4.388e+01 -6.289e-02  1.049e-02 -7.399e+01  2.693e-06  7.194e+01  3.501e-05 
 -3.013e+05  4.327e+02 -7.399e+01  9.312e+05 -1.928e-02 -6.726e+05 -3.491e-01 
  7.059e-01 -1.646e-05  2.693e-06 -1.928e-02  8.993e-08  1.876e-02  9.198e-09 
  3.226e+05 -4.207e+02  7.194e+01 -6.726e+05  1.876e-02  1.750e+06  3.402e-01 
  1.466e-01 -2.032e-04  3.501e-05 -3.491e-01  9.198e-09  3.402e-01  4.950e-07 
ERR MATRIX NOT POS-DEF
 PARAMETER  CORRELATION COEFFICIENTS  
       NO.  GLOBAL      1      2      3      4      5      6      7
        1  0.00005   1.000 -0.000  0.000 -0.000  0.000  0.000  0.000
        2  0.99770  -0.000  1.000 -0.997  0.728 -0.089 -0.516 -0.469
        3  0.99787   0.000 -0.997  1.000 -0.749  0.088  0.531  0.486
        4  0.80219  -0.000  0.728 -0.749  1.000 -0.067 -0.527 -0.514
        5  0.09148   0.000 -0.089  0.088 -0.067  1.000  0.047  0.044
        6  0.57936   0.000 -0.516  0.531 -0.527  0.047  1.000  0.366
        7  0.55554   0.000 -0.469  0.486 -0.514  0.044  0.366  1.000
 ERR MATRIX NOT POS-DEF
[#1] INFO:Minization -- RooMinuit::optimizeConst: activating const optimization
 **********
 **   13 **MINOS        3500
 **********
 FUNCTION MUST BE MINIMIZED BEFORE CALLING MINOs     
 FIRST CALL TO USER FUNCTION AT NEW START POINT, WITH IFLAG=4.
 START MIGRAD MINIMIZATION.  STRATEGY  1.  CONVERGENCE WHEN EDM .LT. 5.00e-05
 FCN=-477584 FROM MIGRAD    STATUS=INITIATE       22 CALLS          23 TOTAL
                     EDM= unknown      STRATEGY= 1      NO ERROR MATRIX       
  EXT PARAMETER               CURRENT GUESS       STEP         FIRST   
  NO.   NAME      VALUE            ERROR          SIZE      DERIVATIVE 
   1  N1           9.99363e+02   1.55196e+03   1.56884e+00  -5.82077e-11
   2  a1           2.00236e+03   6.07977e-01   2.75944e-01  -1.92167e-03
   3  b1           1.21462e+00   1.02361e-01   5.91328e-02  -2.02369e-01
   4  bkg_yield    2.41662e+05   9.64980e+02   2.89949e-03  -1.32446e-01
   5  mean         2.01027e+03   2.99889e-04   1.51350e-04   1.24386e+00
   6  sig_yield    1.10595e+06   1.32297e+03   3.31463e-03   4.41505e-02
   7  sigma        4.28040e-01   7.03562e-04   1.62426e-03  -2.35502e-01
                               ERR DEF= 0.5
 MIGRAD MINIMIZATION HAS CONVERGED.
 MIGRAD WILL VERIFY CONVERGENCE AND ERROR MATRIX.
 MINUIT WARNING IN HESSE   
 ============== Negative diagonal element 1 in Error Matrix
 MINUIT WARNING IN HESSE   
 ============== 1 added to diagonal of error matrix
 COVARIANCE MATRIX CALCULATED SUCCESSFULLY
 FCN=-477584 FROM MIGRAD    STATUS=CONVERGED      98 CALLS          99 TOTAL
                     EDM=1.55919e-06    STRATEGY= 1      ERROR MATRIX ACCURATE 
  EXT PARAMETER                                   STEP         FIRST   
  NO.   NAME      VALUE            ERROR          SIZE      DERIVATIVE 
   1  N1           1.08890e+03   8.29652e+02   5.00000e-01  -5.82077e-11
   2  a1           2.00236e+03   1.37879e-01   8.90400e-03  -1.74988e-02
   3  b1           1.21462e+00   2.33606e-02   1.84699e-03  -2.47786e-03
   4  bkg_yield    2.41662e+05   6.85054e+02   8.31520e-04   1.54913e-01
   5  mean         2.01027e+03   3.00678e-04   7.23899e-05   4.28541e-01
   6  sig_yield    1.10595e+06   1.15468e+03   1.29790e-03   2.25866e-01
   7  sigma        4.28040e-01   6.31383e-04   6.48694e-04   1.55671e-02
                               ERR DEF= 0.5
 EXTERNAL ERROR MATRIX.    NDIM=  25    NPAR=  7    ERR DEF=0.5
  9.721e+05 -1.544e-09 -6.121e-09  1.474e-04 -6.821e-11 -4.925e-04 -2.776e-10 
 -1.544e-09  1.903e-02 -3.045e-03  2.228e+01 -6.974e-07 -2.226e+01 -1.105e-05 
 -6.121e-09 -3.045e-03  5.457e-04 -5.783e+00  7.314e-08  5.777e+00  3.081e-06 
  1.474e-04  2.228e+01 -5.783e+00  4.693e+05 -1.380e-03 -2.274e+05 -1.339e-01 
 -6.821e-11 -6.974e-07  7.314e-08 -1.380e-03  9.041e-08  1.379e-03  8.595e-10 
 -4.925e-04 -2.226e+01  5.777e+00 -2.274e+05  1.379e-03  1.333e+06  1.338e-01 
 -2.776e-10 -1.105e-05  3.081e-06 -1.339e-01  8.595e-10  1.338e-01  3.986e-07 
 PARAMETER  CORRELATION COEFFICIENTS  
       NO.  GLOBAL      1      2      3      4      5      6      7
        1  0.00000   1.000 -0.000 -0.000  0.000 -0.000 -0.000 -0.000
        2  0.95338  -0.000  1.000 -0.945  0.236 -0.017 -0.140 -0.127
        3  0.95787  -0.000 -0.945  1.000 -0.361  0.010  0.214  0.209
        4  0.53237   0.000  0.236 -0.361  1.000 -0.007 -0.287 -0.310
        5  0.02700  -0.000 -0.017  0.010 -0.007  1.000  0.004  0.005
        6  0.34083  -0.000 -0.140  0.214 -0.287  0.004  1.000  0.184
        7  0.36098  -0.000 -0.127  0.209 -0.310  0.005  0.184  1.000
    THE POSITIVE MINOS ERROR OF PARAMETER   1, N1 EXCEEDS ITS LIMIT.
    THE NEGATIVE MINOS ERROR OF PARAMETER   1, N1 EXCEEDS ITS LIMIT.
 MINUIT WARNING IN MIGRAD  
 ============== VARIABLE1 IS AT ITS LOWER ALLOWED LIMIT.
 FCN=-477584 FROM MINOS     STATUS=PROBLEMS      748 CALLS         847 TOTAL
                     EDM=1.55919e-06    STRATEGY= 1      ERROR MATRIX ACCURATE 
  EXT PARAMETER                  PARABOLIC         MINOS ERRORS        
  NO.   NAME      VALUE            ERROR      NEGATIVE      POSITIVE   
   1  N1           1.08890e+03   8.29652e+02   at limit      at limit   
   2  a1           2.00236e+03   1.37879e-01  -1.37436e-01   1.31777e-01
   3  b1           1.21462e+00   2.33606e-02  -2.24603e-02   2.31224e-02
   4  bkg_yield    2.41662e+05   6.85054e+02  -6.83174e+02   6.84376e+02
   5  mean         2.01027e+03   3.00678e-04  -3.00700e-04   3.00652e-04
   6  sig_yield    1.10595e+06   1.15468e+03  -1.15454e+03   1.15357e+03
   7  sigma        4.28040e-01   6.31383e-04  -6.30721e-04   6.31398e-04
                               ERR DEF= 0.5
[#1] INFO:NumericIntegration -- RooRealIntegral::init(arg_neg_Int[DTF_Mass]) using numeric integrator RooIntegrator1D to calculate Int(DTF_Mass)
[#1] INFO:Minization -- RooMinimizer::optimizeConst: activating const optimization
[#1] INFO:NumericIntegration -- RooRealIntegral::init(arg_neg_Int[DTF_Mass]) using numeric integrator RooIntegrator1D to calculate Int(DTF_Mass)
[#1] INFO:Minization --  The following expressions have been identified as constant and will be precalculated and cached: (sig_neg,arg_neg)
[#1] INFO:Fitting -- RooAbsPdf::fitTo(model_neg) Calculating sum-of-weights-squared correction matrix for covariance matrix
[#1] INFO:Minization -- RooMinimizer::optimizeConst: deactivating const optimization
[#1] INFO:InputArguments -- Printing Yields
RooArgList:: = (sig_yield,bkg_yield)
[#1] INFO:InputArguments -- yield in pdf: sig_yield 1.10595e+06
[#1] INFO:InputArguments -- yield in pdf: bkg_yield 241662
[#1] INFO:NumericIntegration -- RooRealIntegral::init(arg_neg_Int[DTF_Mass]) using numeric integrator RooIntegrator1D to calculate Int(DTF_Mass)
[#1] INFO:Eval -- Checking Likelihood normalization:  
[#1] INFO:Eval -- Yield of specie  Sum of Row in Matrix   Norm
[#1] INFO:Eval -- 1.10595e+06 1.10595e+06 1
[#1] INFO:Eval -- 241662 241662 1
[#1] INFO:Eval -- Calculating sWeight
[#1] INFO:NumericIntegration -- RooRealIntegral::init(arg_pos_Int[DTF_Mass]) using numeric integrator RooIntegrator1D to calculate Int(DTF_Mass)
[#1] INFO:Eval -- RooAbsTestStatistic::initMPMode: started 8 remote server process.
 **********
 **   13 **HESSE        3500
 **********
 FIRST CALL TO USER FUNCTION AT NEW START POINT, WITH IFLAG=4.
[#1] INFO:NumericIntegration -- RooRealIntegral::init(arg_pos_Int[DTF_Mass]) using numeric integrator RooIntegrator1D to calculate Int(DTF_Mass)
[#1] INFO:NumericIntegration -- RooRealIntegral::init(arg_pos_Int[DTF_Mass]) using numeric integrator RooIntegrator1D to calculate Int(DTF_Mass)
[#1] INFO:NumericIntegration -- RooRealIntegral::init(arg_pos_Int[DTF_Mass]) using numeric integrator RooIntegrator1D to calculate Int(DTF_Mass)
[#1] INFO:NumericIntegration -- RooRealIntegral::init(arg_pos_Int[DTF_Mass]) using numeric integrator RooIntegrator1D to calculate Int(DTF_Mass)
[#1] INFO:NumericIntegration -- RooRealIntegral::init(arg_pos_Int[DTF_Mass]) using numeric integrator RooIntegrator1D to calculate Int(DTF_Mass)
[#1] INFO:NumericIntegration -- RooRealIntegral::init(arg_pos_Int[DTF_Mass]) using numeric integrator RooIntegrator1D to calculate Int(DTF_Mass)
[#1] INFO:NumericIntegration -- RooRealIntegral::init(arg_pos_Int[DTF_Mass]) using numeric integrator RooIntegrator1D to calculate Int(DTF_Mass)
[#1] INFO:NumericIntegration -- RooRealIntegral::init(arg_pos_Int[DTF_Mass]) using numeric integrator RooIntegrator1D to calculate Int(DTF_Mass)
[#1] INFO:Minization -- RooNLLVar::evaluatePartition(nll_model_pos_dataset2_GOF3) first = 484455 last = 645940 Likelihood offset now set to 281893
[#1] INFO:Minization -- RooNLLVar::evaluatePartition(nll_model_pos_dataset2_GOF4) first = 645940 last = 807425 Likelihood offset now set to 282850
[#1] INFO:Minization -- RooNLLVar::evaluatePartition(nll_model_pos_dataset2_GOF0) first = 0 last = 161485 Likelihood offset now set to 282975
[#1] INFO:Minization -- RooNLLVar::evaluatePartition(nll_model_pos_dataset2_GOF6) first = 968910 last = 1130395 Likelihood offset now set to 282233
[#1] INFO:Minization -- RooNLLVar::evaluatePartition(nll_model_pos_dataset2_GOF5) first = 807425 last = 968910 Likelihood offset now set to 281767
[#1] INFO:Minization -- RooNLLVar::evaluatePartition(nll_model_pos_dataset2_GOF2) first = 322970 last = 484455 Likelihood offset now set to 282328
[#1] INFO:Minization -- RooNLLVar::evaluatePartition(nll_model_pos_dataset2_GOF1) first = 161485 last = 322970 Likelihood offset now set to 281639
[#1] INFO:Minization -- RooNLLVar::evaluatePartition(nll_model_pos_dataset2_GOF7) first = 1130395 last = 1291880 Likelihood offset now set to -1.66051e+07
 MINUIT WARNING IN HESSE   
 ============== Negative diagonal element 2 in Error Matrix
 MINUIT WARNING IN HESSE   
 ============== 2291.21 added to diagonal of error matrix
 EIGENVALUES OF SECOND-DERIVATIVE MATRIX:
        -6.3880e+01  1.0101e-01  4.0914e-01  1.0000e+00  1.1447e+00  1.8733e+00  6.6352e+01
 MINUIT WARNING IN HESSE   
 ============== MATRIX FORCED POS-DEF BY ADDING 63.946102 TO DIAGONAL.
 FCN=-1.16415e-10 FROM HESSE     STATUS=NOT POSDEF     66 CALLS          67 TOTAL
                     EDM=3.85494e+08    STRATEGY= 1      ERR MATRIX NOT POS-DEF
  EXT PARAMETER                APPROXIMATE     INTERNAL      INTERNAL  
  NO.   NAME      VALUE            ERROR       STEP SIZE       VALUE   
   1  N2           1.00000e+03   2.45930e+00   5.00000e-01  -4.42911e-01
   2  a2           2.00390e+03   4.12123e+00   1.97382e-03   8.40485e-01
   3  b2           1.30000e+00   1.49747e-02   2.51695e-03  -6.62874e-01
   4  bkg_yield_2   2.80000e+05   6.26852e+02   2.05758e-03  -2.01358e-01
   5  mean2        2.01000e+03   6.85653e-05   2.01358e-03   0.00000e+00
   6  sig_yield_2   1.00000e+06   4.69886e+02   2.57889e-03   6.43501e-01
   7  sigma2       3.10000e-01   2.05879e-04   2.41688e-03  -5.62536e-01
                               ERR DEF= 0.5
 EXTERNAL ERROR MATRIX.    NDIM=  25    NPAR=  7    ERR DEF=0.5
  6.048e+00  1.267e-08 -4.621e-11 -1.922e-06  1.060e-13  1.399e-06  6.181e-13 
  1.267e-08  1.682e+01 -6.134e-02 -2.551e+03  1.408e-04  1.857e+03  8.205e-04 
 -4.621e-11 -6.134e-02  2.242e-04  9.302e+00 -5.132e-07 -6.771e+00 -2.992e-06 
 -1.922e-06 -2.551e+03  9.302e+00  3.929e+05 -2.136e-02 -2.816e+05 -1.244e-01 
  1.060e-13  1.408e-04 -5.132e-07 -2.136e-02  4.701e-09  1.555e-02  6.830e-09 
  1.399e-06  1.857e+03 -6.771e+00 -2.816e+05  1.555e-02  2.208e+05  9.059e-02 
  6.181e-13  8.205e-04 -2.992e-06 -1.244e-01  6.830e-09  9.059e-02  4.239e-08 
ERR MATRIX NOT POS-DEF
 PARAMETER  CORRELATION COEFFICIENTS  
       NO.  GLOBAL      1      2      3      4      5      6      7
        1  0.00000   1.000  0.000 -0.000 -0.000  0.000  0.000  0.000
        2  0.99898   0.000  1.000 -0.999 -0.992  0.501  0.964  0.972
        3  0.99873  -0.000 -0.999  1.000  0.991 -0.500 -0.962 -0.970
        4  0.99222  -0.000 -0.992  0.991  1.000 -0.497 -0.956 -0.964
        5  0.50070   0.000  0.501 -0.500 -0.497  1.000  0.483  0.484
        6  0.96361   0.000  0.964 -0.962 -0.956  0.483  1.000  0.936
        7  0.97175   0.000  0.972 -0.970 -0.964  0.484  0.936  1.000
 ERR MATRIX NOT POS-DEF
 **********
 **   13 **MIGRAD        3500           1
 **********
 FIRST CALL TO USER FUNCTION AT NEW START POINT, WITH IFLAG=4.
 START MIGRAD MINIMIZATION.  STRATEGY  1.  CONVERGENCE WHEN EDM .LT. 1.00e-03
 FCN=-7389.54 FROM MIGRAD    STATUS=INITIATE       55 CALLS          56 TOTAL
                     EDM= unknown      STRATEGY= 1      NO ERROR MATRIX       
  EXT PARAMETER               CURRENT GUESS       STEP         FIRST   
  NO.   NAME      VALUE            ERROR          SIZE      DERIVATIVE 
   1  N2           1.00000e+03   2.45930e+00   0.00000e+00  -3.36806e-08
   2  a2           2.00075e+03   4.12123e+00  -1.56884e+00   1.33978e+03
   3  b2           1.30000e+00   1.49747e-02   0.00000e+00   1.99345e+04
   4  bkg_yield_2   2.80000e+05   6.26852e+02   0.00000e+00  -8.82999e+03
   5  mean2        2.01000e+03   6.85653e-05   0.00000e+00  -5.28707e+06
   6  sig_yield_2   1.00000e+06   4.69886e+02   0.00000e+00  -2.33517e+03
   7  sigma2       3.10000e-01   2.05879e-04   0.00000e+00  -4.81403e+05
                               ERR DEF= 0.5
 MIGRAD MINIMIZATION HAS CONVERGED.
 FCN=-449023 FROM MIGRAD    STATUS=CONVERGED     227 CALLS         228 TOTAL
                     EDM=2.08905e-05    STRATEGY= 1  ERROR MATRIX UNCERTAINTY   0.1 per cent
  EXT PARAMETER                                   STEP         FIRST   
  NO.   NAME      VALUE            ERROR          SIZE      DERIVATIVE 
   1  N2           1.00266e+03   1.24754e+03   5.10631e-06   0.00000e+00
   2  a2           2.00217e+03   1.46553e-01   2.55268e-03   1.41646e-01
   3  b2           1.22540e+00   2.41639e-02  -2.15334e-04   6.49219e-01
   4  bkg_yield_2   2.31449e+05   6.73238e+02  -1.10316e-05  -2.07351e+00
   5  mean2        2.01027e+03   3.08101e-04  -1.54938e-06   1.51748e+01
   6  sig_yield_2   1.06043e+06   1.12887e+03   9.71469e-05  -4.33990e-01
   7  sigma2       4.30628e-01   6.43075e-04   2.08501e-05   1.02403e-01
                               ERR DEF= 0.5
 EXTERNAL ERROR MATRIX.    NDIM=  25    NPAR=  7    ERR DEF=0.5
  1.042e+11 -1.351e-03  1.938e-05  9.687e-01 -4.287e-07  5.789e+00 -1.376e-06 
 -1.351e-03  2.151e-02 -3.349e-03  2.295e+01 -7.863e-07 -2.235e+01 -1.224e-05 
  1.938e-05 -3.349e-03  5.839e-04 -5.850e+00  8.696e-08  5.710e+00  3.307e-06 
  9.687e-01  2.295e+01 -5.850e+00  4.533e+05 -2.384e-03 -2.159e+05 -1.310e-01 
 -4.287e-07 -7.863e-07  8.696e-08 -2.384e-03  9.493e-08  8.385e-04  4.390e-10 
  5.789e+00 -2.235e+01  5.710e+00 -2.159e+05  8.385e-04  1.274e+06  1.331e-01 
 -1.376e-06 -1.224e-05  3.307e-06 -1.310e-01  4.390e-10  1.331e-01  4.135e-07 
 PARAMETER  CORRELATION COEFFICIENTS  
       NO.  GLOBAL      1      2      3      4      5      6      7
        1  0.00000   1.000 -0.000  0.000  0.000 -0.000  0.000 -0.000
        2  0.95376  -0.000  1.000 -0.945  0.232 -0.017 -0.135 -0.130
        3  0.95824   0.000 -0.945  1.000 -0.360  0.012  0.209  0.213
        4  0.53102   0.000  0.232 -0.360  1.000 -0.011 -0.284 -0.303
        5  0.02763  -0.000 -0.017  0.012 -0.011  1.000  0.002  0.002
        6  0.33726   0.000 -0.135  0.209 -0.284  0.002  1.000  0.183
        7  0.35945  -0.000 -0.130  0.213 -0.303  0.002  0.183  1.000
 **********
 **   13 **IMPROVE        3500
 **********
 FUNCTION MUST BE MINIMIZED BEFORE CALLING IMProve   
 FIRST CALL TO USER FUNCTION AT NEW START POINT, WITH IFLAG=4.
 START MIGRAD MINIMIZATION.  STRATEGY  1.  CONVERGENCE WHEN EDM .LT. 5.00e-05
 FCN=-449023 FROM MIGRAD    STATUS=INITIATE      343 CALLS         344 TOTAL
                     EDM= unknown      STRATEGY= 1      NO ERROR MATRIX       
  EXT PARAMETER               CURRENT GUESS       STEP         FIRST   
  NO.   NAME      VALUE            ERROR          SIZE      DERIVATIVE 
   1  N2           1.00266e+03   1.24754e+03   0.00000e+00   0.00000e+00
   2  a2           2.00217e+03   1.46553e-01   0.00000e+00   1.41493e-01
   3  b2           1.22540e+00   2.41639e-02   0.00000e+00   6.49220e-01
   4  bkg_yield_2   2.31449e+05   6.73238e+02   0.00000e+00  -2.07351e+00
   5  mean2        2.01027e+03   3.08101e-04   0.00000e+00   1.51748e+01
   6  sig_yield_2   1.06043e+06   1.12887e+03   0.00000e+00  -4.34036e-01
   7  sigma2       4.30628e-01   6.43075e-04   0.00000e+00   1.02400e-01
                               ERR DEF= 0.5
 MIGRAD MINIMIZATION HAS CONVERGED.
 MIGRAD WILL VERIFY CONVERGENCE AND ERROR MATRIX.
 MINUIT WARNING IN HESSE
 ============== Second derivative enters zero, param 1
 MINUIT WARNING IN HESSE
 ============== Second derivative zero for parameter1
  MNHESS FAILS AND WILL RETURN DIAGONAL MATRIX. 
 FCN=-449023 FROM MIGRAD    STATUS=CONVERGED     378 CALLS         379 TOTAL
                     EDM=1.97735e-06    STRATEGY= 1  ERROR MATRIX UNCERTAINTY 100.0 per cent
  EXT PARAMETER                APPROXIMATE        STEP         FIRST   
  NO.   NAME      VALUE            ERROR          SIZE      DERIVATIVE 
   1  N2           1.00266e+03   1.21874e+03  -0.00000e+00   0.00000e+00
   2  a2           2.00217e+03   4.41235e-02  -1.07033e-06   2.94788e-02
   3  b2           1.22539e+00   6.93714e-03   1.17424e-06   1.40376e-01
   4  bkg_yield_2   2.31452e+05   5.68296e+02   4.09525e-06   1.90938e-01
   5  mean2        2.01027e+03   3.08678e-04  -1.23070e-07  -2.47625e+00
   6  sig_yield_2   1.06043e+06   1.06317e+03  -1.29050e-06   2.94278e-01
   7  sigma2       4.30627e-01   6.05441e-04  -1.42637e-06   3.67277e-01
                               ERR DEF= 0.5
 EXTERNAL ERROR MATRIX.    NDIM=  25    NPAR=  7    ERR DEF=0.5
  3.113e+06  0.000e+00  0.000e+00  0.000e+00  0.000e+00  0.000e+00  0.000e+00 
  0.000e+00  1.947e-03  0.000e+00  0.000e+00  0.000e+00  0.000e+00  0.000e+00 
  0.000e+00  0.000e+00  4.812e-05  0.000e+00  0.000e+00  0.000e+00  0.000e+00 
  0.000e+00  0.000e+00  0.000e+00  3.230e+05  0.000e+00  0.000e+00  0.000e+00 
  0.000e+00  0.000e+00  0.000e+00  0.000e+00  9.528e-08  0.000e+00  0.000e+00 
  0.000e+00  0.000e+00  0.000e+00  0.000e+00  0.000e+00  1.130e+06  0.000e+00 
  0.000e+00  0.000e+00  0.000e+00  0.000e+00  0.000e+00  0.000e+00  3.666e-07 
ERR MATRIX APPROXIMATE
 PARAMETER  CORRELATION COEFFICIENTS  
       NO.  GLOBAL      1      2      3      4      5      6      7
        1  0.00000   1.000  0.000  0.000  0.000  0.000  0.000  0.000
        2  0.00000   0.000  1.000  0.000  0.000  0.000  0.000  0.000
        3  0.00000   0.000  0.000  1.000  0.000  0.000  0.000  0.000
        4  0.00000   0.000  0.000  0.000  1.000  0.000  0.000  0.000
        5  0.00000   0.000  0.000  0.000  0.000  1.000  0.000  0.000
        6  0.00000   0.000  0.000  0.000  0.000  0.000  1.000  0.000
        7  0.00000   0.000  0.000  0.000  0.000  0.000  0.000  1.000
 ERR MATRIX APPROXIMATE
 MINUIT WARNING IN HESSE
 ============== Second derivative zero for parameter1
  MNHESS FAILS AND WILL RETURN DIAGONAL MATRIX. 
START ATTEMPT NO. 1 TO FIND NEW MINIMUM
 COVARIANCE MATRIX WAS NOT POSITIVE-DEFINITE
 IMPROVE HAS RETURNED TO REGION OF ORIGINAL MINIMUM
 **********
 **   13 **HESSE        3500
 **********
 FIRST CALL TO USER FUNCTION AT NEW START POINT, WITH IFLAG=4.
 MINUIT WARNING IN HESSE
 ============== Second derivative zero for parameter1
  MNHESS FAILS AND WILL RETURN DIAGONAL MATRIX. 
 FCN=-449023 FROM HESSE     STATUS=FAILED          5 CALLS           6 TOTAL
                     EDM= unknown      STRATEGY= 1  ERROR MATRIX UNCERTAINTY 100.0 per cent
  EXT PARAMETER                APPROXIMATE     INTERNAL      INTERNAL  
  NO.   NAME      VALUE            ERROR       STEP SIZE       VALUE   
   1  N2           5.95846e+02   1.14780e+03   1.10871e+00  -4.40110e-01
   2  a2           2.00217e+03   4.41235e-02   1.97516e-02  -2.89526e-02
   3  b2           1.22539e+00   6.93717e-03   3.48797e-03  -6.99821e-01
   4  bkg_yield_2   2.31452e+05   5.68296e+02   1.72571e-03  -3.45544e-01
   5  mean2        2.01027e+03   3.08678e-04   1.55765e-04   1.35443e-01
   6  sig_yield_2   1.06043e+06   1.06317e+03   2.37126e-03   7.70768e-01
   7  sigma2       4.30627e-01   6.05441e-04   1.39542e-03  -2.68487e-01
                               ERR DEF= 0.5
 EXTERNAL ERROR MATRIX.    NDIM=  25    NPAR=  7    ERR DEF=0.5
  1.109e+06  0.000e+00  0.000e+00  0.000e+00  0.000e+00  0.000e+00  0.000e+00 
  0.000e+00  1.947e-03  0.000e+00  0.000e+00  0.000e+00  0.000e+00  0.000e+00 
  0.000e+00  0.000e+00  4.812e-05  0.000e+00  0.000e+00  0.000e+00  0.000e+00 
  0.000e+00  0.000e+00  0.000e+00  3.230e+05  0.000e+00  0.000e+00  0.000e+00 
  0.000e+00  0.000e+00  0.000e+00  0.000e+00  9.528e-08  0.000e+00  0.000e+00 
  0.000e+00  0.000e+00  0.000e+00  0.000e+00  0.000e+00  1.130e+06  0.000e+00 
  0.000e+00  0.000e+00  0.000e+00  0.000e+00  0.000e+00  0.000e+00  3.666e-07 
ERR MATRIX APPROXIMATE
 PARAMETER  CORRELATION COEFFICIENTS  
       NO.  GLOBAL      1      2      3      4      5      6      7
        1  0.00000   1.000  0.000  0.000  0.000  0.000  0.000  0.000
        2  0.00000   0.000  1.000  0.000  0.000  0.000  0.000  0.000
        3  0.00000   0.000  0.000  1.000  0.000  0.000  0.000  0.000
        4  0.00000   0.000  0.000  0.000  1.000  0.000  0.000  0.000
        5  0.00000   0.000  0.000  0.000  0.000  1.000  0.000  0.000
        6  0.00000   0.000  0.000  0.000  0.000  0.000  1.000  0.000
        7  0.00000   0.000  0.000  0.000  0.000  0.000  0.000  1.000
 ERR MATRIX APPROXIMATE
[#1] INFO:Minization -- RooMinuit::optimizeConst: activating const optimization
 **********
 **   13 **MINOS        3500
 **********
 FUNCTION MUST BE MINIMIZED BEFORE CALLING MINOs     
 FIRST CALL TO USER FUNCTION AT NEW START POINT, WITH IFLAG=4.
 START MIGRAD MINIMIZATION.  STRATEGY  1.  CONVERGENCE WHEN EDM .LT. 5.00e-05
 FCN=-449023 FROM MIGRAD    STATUS=INITIATE       36 CALLS          37 TOTAL
                     EDM= unknown      STRATEGY= 1      NO ERROR MATRIX       
  EXT PARAMETER               CURRENT GUESS       STEP         FIRST   
  NO.   NAME      VALUE            ERROR          SIZE      DERIVATIVE 
   1  N2           9.47514e+02   1.14780e+03   4.51098e-01  -5.82077e-11
   2  a2           2.00217e+03   4.41235e-02   0.00000e+00   2.94780e-02
   3  b2           1.22539e+00   6.93717e-03   0.00000e+00   1.40376e-01
   4  bkg_yield_2   2.31452e+05   5.68296e+02   0.00000e+00   1.90942e-01
   5  mean2        2.01027e+03   3.08678e-04   0.00000e+00  -2.47627e+00
   6  sig_yield_2   1.06043e+06   1.06317e+03   0.00000e+00   2.94279e-01
   7  sigma2       4.30627e-01   6.05441e-04   0.00000e+00   3.67276e-01
                               ERR DEF= 0.5
 MIGRAD MINIMIZATION HAS CONVERGED.
 MIGRAD WILL VERIFY CONVERGENCE AND ERROR MATRIX.
 MINUIT WARNING IN HESSE   
 ============== Negative diagonal element 1 in Error Matrix
 MINUIT WARNING IN HESSE   
 ============== 1 added to diagonal of error matrix
 COVARIANCE MATRIX CALCULATED SUCCESSFULLY
 FCN=-449023 FROM MIGRAD    STATUS=CONVERGED     112 CALLS         113 TOTAL
                     EDM=1.32707e-05    STRATEGY= 1      ERROR MATRIX ACCURATE 
  EXT PARAMETER                                   STEP         FIRST   
  NO.   NAME      VALUE            ERROR          SIZE      DERIVATIVE 
   1  N2           1.01818e+03   8.05366e+02   5.00000e-01   2.91038e-10
   2  a2           2.00217e+03   1.51747e-01   9.13949e-03  -5.27035e-02
   3  b2           1.22539e+00   2.50457e-02   1.61395e-03  -2.03756e-02
   4  bkg_yield_2   2.31452e+05   6.71760e+02   7.98522e-04  -6.51629e-02
   5  mean2        2.01027e+03   3.08793e-04   7.20760e-05  -1.06321e+00
   6  sig_yield_2   1.06043e+06   1.13137e+03   1.09723e-03   2.80802e-01
   7  sigma2       4.30627e-01   6.49478e-04   6.45689e-04   2.87540e-01
                               ERR DEF= 0.5
 EXTERNAL ERROR MATRIX.    NDIM=  25    NPAR=  7    ERR DEF=0.5
  9.160e+05 -3.573e-07  5.602e-08 -1.845e-04  1.594e-10  4.208e-05  1.943e-12 
 -3.573e-07  2.306e-02 -3.610e-03  2.445e+01 -8.122e-07 -2.443e+01 -1.276e-05 
  5.602e-08 -3.610e-03  6.273e-04 -6.061e+00  8.556e-08  6.056e+00  3.386e-06 
 -1.845e-04  2.445e+01 -6.061e+00  4.513e+05 -1.385e-03 -2.196e+05 -1.357e-01 
  1.594e-10 -8.122e-07  8.556e-08 -1.385e-03  9.535e-08  1.384e-03  7.120e-10 
  4.208e-05 -2.443e+01  6.056e+00 -2.196e+05  1.384e-03  1.280e+06  1.356e-01 
  1.943e-12 -1.276e-05  3.386e-06 -1.357e-01  7.120e-10  1.356e-01  4.218e-07 
 PARAMETER  CORRELATION COEFFICIENTS  
       NO.  GLOBAL      1      2      3      4      5      6      7
        1  0.00000   1.000 -0.000  0.000 -0.000  0.000  0.000  0.000
        2  0.95687  -0.000  1.000 -0.949  0.240 -0.017 -0.142 -0.129
        3  0.96088   0.000 -0.949  1.000 -0.360  0.011  0.214  0.208
        4  0.53322  -0.000  0.240 -0.360  1.000 -0.007 -0.289 -0.311
        5  0.02729   0.000 -0.017  0.011 -0.007  1.000  0.004  0.004
        6  0.34196   0.000 -0.142  0.214 -0.289  0.004  1.000  0.185
        7  0.36196   0.000 -0.129  0.208 -0.311  0.004  0.185  1.000
    THE POSITIVE MINOS ERROR OF PARAMETER   1, N2 EXCEEDS ITS LIMIT.
    THE NEGATIVE MINOS ERROR OF PARAMETER   1, N2 EXCEEDS ITS LIMIT.
 MINUIT WARNING IN MIGRAD  
 ============== VARIABLE1 IS AT ITS LOWER ALLOWED LIMIT.
 FCN=-449023 FROM MINOS     STATUS=PROBLEMS      941 CALLS        1054 TOTAL
                     EDM=1.32707e-05    STRATEGY= 1      ERROR MATRIX ACCURATE 
  EXT PARAMETER                  PARABOLIC         MINOS ERRORS        
  NO.   NAME      VALUE            ERROR      NEGATIVE      POSITIVE   
   1  N2           1.01818e+03   8.05366e+02   at limit      at limit   
   2  a2           2.00217e+03   1.51747e-01  -1.49819e-01   1.44068e-01
   3  b2           1.22539e+00   2.50457e-02  -2.39162e-02   2.45556e-02
