
Processing data.cc++("$dir", "all_data_test", "up_down")...

[1mRooFit v3.60 -- Developed by Wouter Verkerke and David Kirkby[0m 
                Copyright (C) 2000-2013 NIKHEF, University of California & Stanford University
                All rights reserved, please read http://roofit.sourceforge.net/license.txt

[#1] INFO:Eval -- RooRealVar::setRange(DTF_Mass) new range named 'left' created with bounds [2004.47,2009.8]
[#1] INFO:Eval -- RooRealVar::setRange(DTF_Mass) new range named 'right' created with bounds [2010.5,2020.11]
[#1] INFO:Eval -- RooAbsReal::attachToTree(Dst_ID) TTree Int_t branch Dst_ID will be converted to double precision
[#1] INFO:Eval -- RooTreeDataStore::loadValues(dataset1) Ignored 2611639 out of range events
[#1] INFO:Eval -- RooAbsReal::attachToTree(Dst_ID) TTree Int_t branch Dst_ID will be converted to double precision
[#1] INFO:Eval -- RooTreeDataStore::loadValues(dataset2) Ignored 2667353 out of range events
 **********
 **   13 **HESSE        3000
 **********
 FIRST CALL TO USER FUNCTION AT NEW START POINT, WITH IFLAG=4.
[#1] INFO:NumericIntegration -- RooRealIntegral::init(arg_neg_Int[DTF_Mass]) using numeric integrator RooIntegrator1D to calculate Int(DTF_Mass)
[#1] INFO:Eval -- RooAbsTestStatistic::initMPMode: started 8 remote server process.
[#1] INFO:NumericIntegration -- RooRealIntegral::init(arg_neg_Int[DTF_Mass]) using numeric integrator RooIntegrator1D to calculate Int(DTF_Mass)
[#1] INFO:NumericIntegration -- RooRealIntegral::init(arg_neg_Int[DTF_Mass]) using numeric integrator RooIntegrator1D to calculate Int(DTF_Mass)
[#1] INFO:NumericIntegration -- RooRealIntegral::init(arg_neg_Int[DTF_Mass]) using numeric integrator RooIntegrator1D to calculate Int(DTF_Mass)
[#1] INFO:NumericIntegration -- RooRealIntegral::init(arg_neg_Int[DTF_Mass]) using numeric integrator RooIntegrator1D to calculate Int(DTF_Mass)
[#1] INFO:NumericIntegration -- RooRealIntegral::init(arg_neg_Int[DTF_Mass]) using numeric integrator RooIntegrator1D to calculate Int(DTF_Mass)
[#1] INFO:NumericIntegration -- RooRealIntegral::init(arg_neg_Int[DTF_Mass]) using numeric integrator RooIntegrator1D to calculate Int(DTF_Mass)
[#1] INFO:NumericIntegration -- RooRealIntegral::init(arg_neg_Int[DTF_Mass]) using numeric integrator RooIntegrator1D to calculate Int(DTF_Mass)
[#1] INFO:NumericIntegration -- RooRealIntegral::init(arg_neg_Int[DTF_Mass]) using numeric integrator RooIntegrator1D to calculate Int(DTF_Mass)
 MINUIT WARNING IN HESSE   
 ============== Negative diagonal element 1 in Error Matrix
 MINUIT WARNING IN HESSE   
 ============== 12010.1 added to diagonal of error matrix
 EIGENVALUES OF SECOND-DERIVATIVE MATRIX:
        -7.1153e+01  1.0491e-01  2.6264e-01  1.1988e+00  1.9283e+00  7.3658e+01
 MINUIT WARNING IN HESSE   
 ============== MATRIX FORCED POS-DEF BY ADDING 71.226784 TO DIAGONAL.
 FCN=-3.17443e+07 FROM HESSE     STATUS=NOT POSDEF     52 CALLS          53 TOTAL
                     EDM=6.6912e+09    STRATEGY= 1      ERR MATRIX NOT POS-DEF
  EXT PARAMETER                APPROXIMATE     INTERNAL      INTERNAL  
  NO.   NAME      VALUE            ERROR       STEP SIZE       VALUE   
   1  a1           2.00390e+03   4.16288e+00   5.00000e-01   8.40485e-01
   2  b1           1.25000e+00   6.83780e-03   2.36966e-01  -5.99346e-01
   3  bkg_yield    6.00000e+05   8.81981e+02   1.46839e-01  -2.01358e-01
   4  mean         2.01000e+03   6.77699e-05   2.01358e-02   0.00000e+00
   5  sig_yield    1.00000e+06   4.79810e+02   7.33626e-02  -3.15556e-01
   6  sigma        3.10000e-01   1.68235e-04   9.34887e-02  -5.62536e-01
                               ERR DEF= 0.5
 EXTERNAL ERROR MATRIX.    NDIM=  25    NPAR=  6    ERR DEF=0.5
  1.515e+01 -2.658e-02 -3.410e+03  2.097e-04  1.830e+03  6.416e-04 
 -2.658e-02  4.676e-05  5.983e+00 -3.678e-07 -3.211e+00 -1.126e-06 
 -3.410e+03  5.983e+00  7.779e+05 -4.720e-02 -4.120e+05 -1.444e-01 
  2.097e-04 -3.678e-07 -4.720e-02  4.593e-09  2.533e-02  8.863e-09 
  1.830e+03 -3.211e+00 -4.120e+05  2.533e-02  2.302e+05  7.752e-02 
  6.416e-04 -1.126e-06 -1.444e-01  8.863e-09  7.752e-02  2.830e-08 
ERR MATRIX NOT POS-DEF
 PARAMETER  CORRELATION COEFFICIENTS  
       NO.  GLOBAL      1      2      3      4      5      6
        1  0.99898   1.000 -0.999 -0.993  0.795  0.980  0.980
        2  0.99862  -0.999  1.000  0.992 -0.794 -0.979 -0.978
        3  0.99341  -0.993  0.992  1.000 -0.790 -0.974 -0.973
        4  0.79483   0.795 -0.794 -0.790  1.000  0.779  0.777
        5  0.98006   0.980 -0.979 -0.974  0.779  1.000  0.960
        6  0.97989   0.980 -0.978 -0.973  0.777  0.960  1.000
 ERR MATRIX NOT POS-DEF
 **********
 **   13 **MIGRAD        3000           1
 **********
 FIRST CALL TO USER FUNCTION AT NEW START POINT, WITH IFLAG=4.
 START MIGRAD MINIMIZATION.  STRATEGY  1.  CONVERGENCE WHEN EDM .LT. 1.00e-03
 FCN=-3.1783e+07 FROM MIGRAD    STATUS=INITIATE       41 CALLS          42 TOTAL
                     EDM= unknown      STRATEGY= 1      NO ERROR MATRIX       
  EXT PARAMETER               CURRENT GUESS       STEP         FIRST   
  NO.   NAME      VALUE            ERROR          SIZE      DERIVATIVE 
   1  a1           2.00003e+03   4.16288e+00  -2.25000e+00   1.51552e+03
   2  b1           1.25000e+00   6.83780e-03   0.00000e+00   8.35707e+04
   3  bkg_yield    6.00000e+05   8.81981e+02   0.00000e+00  -1.81822e+05
   4  mean         2.01000e+03   6.77699e-05   0.00000e+00  -1.04575e+07
   5  sig_yield    1.00000e+06   4.79810e+02   0.00000e+00  -1.26662e+06
   6  sigma        3.10000e-01   1.68235e-04   0.00000e+00  -8.34281e+05
                               ERR DEF= 0.5
 MIGRAD FAILS TO FIND IMPROVEMENT
 MACHINE ACCURACY LIMITS FURTHER IMPROVEMENT.
 MIGRAD MINIMIZATION HAS CONVERGED.
 MIGRAD WILL VERIFY CONVERGENCE AND ERROR MATRIX.
 EIGENVALUES OF SECOND-DERIVATIVE MATRIX:
        -1.7096e+00  5.0751e-01  9.9912e-01  1.0726e+00  1.1871e+00  3.9432e+00
 MINUIT WARNING IN HESSE   
 ============== MATRIX FORCED POS-DEF BY ADDING 1.713493 TO DIAGONAL.
 FCN=-3.30794e+07 FROM HESSE     STATUS=NOT POSDEF     48 CALLS         242 TOTAL
                     EDM=1683.95    STRATEGY= 1      ERR MATRIX NOT POS-DEF
  EXT PARAMETER                APPROXIMATE        STEP         FIRST   
  NO.   NAME      VALUE            ERROR          SIZE      DERIVATIVE 
   1  a1           2.00005e+03   2.72190e+00   5.00000e-01  -4.88665e+01
   2  b1           1.54493e+00   6.29209e-02   1.31065e-02  -3.87950e+01
   3  bkg_yield    4.75481e+05   1.90077e+03   4.62335e-03   7.43110e+00
   4  mean         2.01027e+03   1.35135e-04   4.27874e-04   5.85600e+02
   5  sig_yield    2.19189e+06   1.82184e+03   4.86967e-03   1.02915e+01
   6  sigma        4.28164e-01   5.56902e-04   3.83392e-03   7.06866e+01
                               ERR DEF= 0.5
 MINUIT WARNING IN MIGRAD  
 ============== Negative diagonal element 1 in Error Matrix
 MINUIT WARNING IN MIGRAD  
 ============== Negative diagonal element 2 in Error Matrix
 MINUIT WARNING IN MIGRAD  
 ============== 1.01019 added to diagonal of error matrix
 MIGRAD FAILS TO FIND IMPROVEMENT
 MACHINE ACCURACY LIMITS FURTHER IMPROVEMENT.
 MIGRAD MINIMIZATION HAS CONVERGED.
 MIGRAD WILL VERIFY CONVERGENCE AND ERROR MATRIX.
 COVARIANCE MATRIX CALCULATED SUCCESSFULLY
 MIGRAD TERMINATED WITHOUT CONVERGENCE.
 FCN=-3.30796e+07 FROM MIGRAD    STATUS=FAILED        474 CALLS         475 TOTAL
                     EDM=0.00743922    STRATEGY= 1      ERR MATRIX APPROXIMATE
  EXT PARAMETER                APPROXIMATE        STEP         FIRST   
  NO.   NAME      VALUE            ERROR          SIZE      DERIVATIVE 
   1  a1           2.00229e+03   8.94579e-02   5.35277e-02   1.00848e+00
   2  b1           1.21366e+00   1.50418e-02   1.19704e-02  -8.81493e-01
   3  bkg_yield    4.78691e+05   9.61408e+02   4.63663e-03  -4.55492e+01
   4  mean         2.01027e+03   2.13489e-04   4.27722e-04   2.01846e+02
   5  sig_yield    2.18864e+06   1.62251e+03   4.86094e-03   4.33073e+00
   6  sigma        4.27340e-01   4.47580e-04   3.83155e-03   1.40366e+01
                               ERR DEF= 0.5
 EXTERNAL ERROR MATRIX.    NDIM=  25    NPAR=  6    ERR DEF=0.5
  8.007e-03  1.255e-03 -1.949e+01  2.758e-07  1.942e+01  4.981e-06 
  1.255e-03  2.263e-04 -5.268e+00  2.373e-08  5.251e+00  1.441e-06 
 -1.949e+01 -5.268e+00  9.243e+05 -1.202e-03 -4.441e+05 -1.323e-01 
  2.758e-07  2.373e-08 -1.202e-03  4.558e-08  1.203e-03  4.422e-10 
  1.942e+01  5.251e+00 -4.441e+05  1.203e-03  2.633e+06  1.320e-01 
  4.981e-06  1.441e-06 -1.323e-01  4.422e-10  1.320e-01  2.003e-07 
ERR MATRIX APPROXIMATE
 PARAMETER  CORRELATION COEFFICIENTS  
       NO.  GLOBAL      1      2      3      4      5      6
        1  0.94226   1.000  0.932 -0.227  0.014  0.134  0.124
        2  0.94833   0.932  1.000 -0.364  0.007  0.215  0.214
        3  0.52842  -0.227 -0.364  1.000 -0.006 -0.285 -0.307
        4  0.02567   0.014  0.007 -0.006  1.000  0.003  0.005
        5  0.33775   0.134  0.215 -0.285  0.003  1.000  0.182
        6  0.35919   0.124  0.214 -0.307  0.005  0.182  1.000
 ERR MATRIX APPROXIMATE
 **********
 **   13 **IMPROVE        3000
 **********
 FUNCTION MUST BE MINIMIZED BEFORE CALLING IMProve   
 FIRST CALL TO USER FUNCTION AT NEW START POINT, WITH IFLAG=4.
 START MIGRAD MINIMIZATION.  STRATEGY  1.  CONVERGENCE WHEN EDM .LT. 5.00e-05
 FCN=-3.30796e+07 FROM MIGRAD    STATUS=INITIATE       20 CALLS          21 TOTAL
                     EDM= unknown      STRATEGY= 1      NO ERROR MATRIX       
  EXT PARAMETER               CURRENT GUESS       STEP         FIRST   
  NO.   NAME      VALUE            ERROR          SIZE      DERIVATIVE 
   1  a1           2.00229e+03   8.94579e-02   4.00498e-02   9.73959e-01
   2  b1           1.21366e+00   1.50418e-02   9.49236e-03  -9.73963e-01
   3  bkg_yield    4.78691e+05   9.61408e+02   1.37500e-03  -4.89741e+01
   4  mean         2.01027e+03   2.13489e-04   1.07733e-04   2.00805e+02
   5  sig_yield    2.18864e+06   1.62251e+03   1.30034e-03  -3.20458e+00
   6  sigma        4.27340e-01   4.47580e-04   1.03377e-03   8.28341e+00
                               ERR DEF= 0.5
 MIGRAD FAILS TO FIND IMPROVEMENT
 MACHINE ACCURACY LIMITS FURTHER IMPROVEMENT.
 MIGRAD MINIMIZATION HAS CONVERGED.
 MIGRAD WILL VERIFY CONVERGENCE AND ERROR MATRIX.
 COVARIANCE MATRIX CALCULATED SUCCESSFULLY
 FCN=-3.30796e+07 FROM HESSE     STATUS=OK             52 CALLS         131 TOTAL
                     EDM=0.00319486    STRATEGY= 1      ERROR MATRIX ACCURATE 
  EXT PARAMETER                                   STEP         FIRST   
  NO.   NAME      VALUE            ERROR          SIZE      DERIVATIVE 
   1  a1           2.00229e+03   1.21885e-01   5.32678e-02  -8.58831e-01
   2  b1           1.21367e+00   2.03601e-02   1.19615e-02   1.72502e+00
   3  bkg_yield    4.78742e+05   9.80547e+02   4.63643e-03   2.30326e+00
   4  mean         2.01027e+03   2.13510e-04   4.27729e-04  -8.55029e+00
   5  sig_yield    2.18864e+06   1.63383e+03   4.86101e-03   1.62528e+01
   6  sigma        4.27335e-01   4.50037e-04   3.83170e-03   1.67240e+01
                               ERR DEF= 0.5
 MINUIT WARNING IN MIGRAD  
 ============== Negative diagonal element 1 in Error Matrix
 MINUIT WARNING IN MIGRAD  
 ============== 1.00015 added to diagonal of error matrix
 MIGRAD FAILS TO FIND IMPROVEMENT
 MACHINE ACCURACY LIMITS FURTHER IMPROVEMENT.
 MIGRAD MINIMIZATION HAS CONVERGED.
 MIGRAD WILL VERIFY CONVERGENCE AND ERROR MATRIX.
 COVARIANCE MATRIX CALCULATED SUCCESSFULLY
 MIGRAD TERMINATED WITHOUT CONVERGENCE.
 FCN=-3.30796e+07 FROM MIGRAD    STATUS=FAILED        222 CALLS         223 TOTAL
                     EDM=5.81134e-05    STRATEGY= 1      ERR MATRIX APPROXIMATE
  EXT PARAMETER                APPROXIMATE        STEP         FIRST   
  NO.   NAME      VALUE            ERROR          SIZE      DERIVATIVE 
   1  a1           2.00230e+03   1.21353e-01   5.31977e-02  -1.22918e-01
   2  b1           1.21273e+00   2.02821e-02   1.19582e-02  -3.98370e-01
   3  bkg_yield    4.78762e+05   9.80403e+02   4.63650e-03   3.01020e-01
   4  mean         2.01027e+03   2.13508e-04   4.27726e-04  -2.62309e+00
   5  sig_yield    2.18860e+06   1.63370e+03   4.86084e-03   4.06888e+00
   6  sigma        4.27325e-01   4.50005e-04   3.83164e-03   4.20781e+00
                               ERR DEF= 0.5
 EXTERNAL ERROR MATRIX.    NDIM=  25    NPAR=  6    ERR DEF=0.5
  1.474e-02 -2.373e-03  3.522e+01 -5.244e-07 -3.510e+01 -8.830e-06 
 -2.373e-03  4.114e-04 -7.881e+00  6.490e-08  7.855e+00  2.081e-06 
  3.522e+01 -7.881e+00  9.612e+05 -1.782e-03 -4.808e+05 -1.413e-01 
 -5.244e-07  6.490e-08 -1.782e-03  4.559e-08  1.781e-03  5.827e-10 
 -3.510e+01  7.855e+00 -4.808e+05  1.781e-03  2.669e+06  1.410e-01 
 -8.830e-06  2.081e-06 -1.413e-01  5.827e-10  1.410e-01  2.025e-07 
ERR MATRIX APPROXIMATE
 PARAMETER  CORRELATION COEFFICIENTS  
       NO.  GLOBAL      1      2      3      4      5      6
        1  0.96913   1.000 -0.963  0.296 -0.020 -0.177 -0.162
        2  0.97196  -0.963  1.000 -0.396  0.015  0.237  0.228
        3  0.55385   0.296 -0.396  1.000 -0.009 -0.300 -0.320
        4  0.02932  -0.020  0.015 -0.009  1.000  0.005  0.006
        5  0.35522  -0.177  0.237 -0.300  0.005  1.000  0.192
        6  0.37206  -0.162  0.228 -0.320  0.006  0.192  1.000
 ERR MATRIX APPROXIMATE
 COVARIANCE MATRIX CALCULATED SUCCESSFULLY
START ATTEMPT NO. 1 TO FIND NEW MINIMUM
 IMPROVE HAS RETURNED TO REGION OF ORIGINAL MINIMUM
 **********
 **   13 **HESSE        3000
 **********
 FIRST CALL TO USER FUNCTION AT NEW START POINT, WITH IFLAG=4.
 EIGENVALUES OF SECOND-DERIVATIVE MATRIX:
        -3.3364e-02  5.1411e-01  9.9902e-01  1.0727e+00  1.1857e+00  2.2618e+00
 MINUIT WARNING IN HESSE   
 ============== MATRIX FORCED POS-DEF BY ADDING 0.035626 TO DIAGONAL.
 FCN=-3.30796e+07 FROM HESSE     STATUS=NOT POSDEF     60 CALLS          61 TOTAL
                     EDM=5.43842e-05    STRATEGY= 1      ERR MATRIX NOT POS-DEF
  EXT PARAMETER                APPROXIMATE     INTERNAL      INTERNAL  
  NO.   NAME      VALUE            ERROR       STEP SIZE       VALUE   
   1  a1           2.00230e+03   4.43172e-01   4.50393e-01   2.78885e-02
   2  b1           1.21273e+00   7.22642e-02   1.06292e-01  -6.22680e-01
   3  bkg_yield    4.78762e+05   1.22592e+03   1.40310e-02  -3.70038e-01
   4  mean         2.01027e+03   2.10867e-04   1.07734e-05   1.35553e-01
   5  sig_yield    2.18860e+06   1.76654e+03   1.32693e-02   5.34462e-01
   6  sigma        4.27325e-01   4.70362e-04   1.05431e-02  -2.76107e-01
                               ERR DEF= 0.5
 EXTERNAL ERROR MATRIX.    NDIM=  25    NPAR=  6    ERR DEF=0.5
  1.990e-01 -3.216e-02  3.614e+02 -9.647e-06 -3.548e+02 -7.908e-05 
 -3.216e-02  5.226e-03 -6.057e+01  1.540e-06  5.948e+01  1.342e-05 
  3.614e+02 -6.057e+01  1.503e+06 -1.791e-02 -1.018e+06 -2.569e-01 
 -9.647e-06  1.540e-06 -1.791e-02  4.447e-08  1.760e-02  3.928e-09 
 -3.548e+02  5.948e+01 -1.018e+06  1.760e-02  3.121e+06  2.529e-01 
 -7.908e-05  1.342e-05 -2.569e-01  3.928e-09  2.529e-01  2.212e-07 
ERR MATRIX NOT POS-DEF
 PARAMETER  CORRELATION COEFFICIENTS  
       NO.  GLOBAL      1      2      3      4      5      6
        1  0.99774   1.000 -0.997  0.661 -0.103 -0.450 -0.377
        2  0.99788  -0.997  1.000 -0.684  0.101  0.466  0.395
        3  0.75623   0.661 -0.684  1.000 -0.069 -0.470 -0.446
        4  0.10447  -0.103  0.101 -0.069  1.000  0.047  0.040
        5  0.52763  -0.450  0.466 -0.470  0.047  1.000  0.304
        6  0.48840  -0.377  0.395 -0.446  0.040  0.304  1.000
 ERR MATRIX NOT POS-DEF
[#1] INFO:Minization -- RooMinuit::optimizeConst: activating const optimization
 **********
 **   13 **MINOS        3000
 **********
 FUNCTION MUST BE MINIMIZED BEFORE CALLING MINOs     
 FIRST CALL TO USER FUNCTION AT NEW START POINT, WITH IFLAG=4.
 START MIGRAD MINIMIZATION.  STRATEGY  1.  CONVERGENCE WHEN EDM .LT. 5.00e-05
 FCN=-3.30796e+07 FROM MIGRAD    STATUS=INITIATE       24 CALLS          25 TOTAL
                     EDM= unknown      STRATEGY= 1      NO ERROR MATRIX       
  EXT PARAMETER               CURRENT GUESS       STEP         FIRST   
  NO.   NAME      VALUE            ERROR          SIZE      DERIVATIVE 
   1  a1           2.00230e+03   4.43172e-01   1.99692e-01   3.39778e+00
   2  b1           1.21273e+00   7.22642e-02   4.56612e-02  -5.41435e-01
   3  bkg_yield    4.78762e+05   1.22592e+03   1.75324e-03  -3.12419e+00
   4  mean         2.01027e+03   2.10867e-04   1.06410e-04  -3.70553e+00
   5  sig_yield    2.18860e+06   1.76654e+03   1.41574e-03  -3.46618e+00
   6  sigma        4.27325e-01   4.70362e-04   1.08640e-03  -1.54518e+00
                               ERR DEF= 0.5
 MIGRAD FAILS TO FIND IMPROVEMENT
 COVARIANCE MATRIX CALCULATED SUCCESSFULLY
 FCN=-3.30796e+07 FROM HESSE     STATUS=OK             52 CALLS          88 TOTAL
                     EDM=2.90571e-05    STRATEGY= 1      ERROR MATRIX ACCURATE 
  EXT PARAMETER                                   STEP         FIRST   
  NO.   NAME      VALUE            ERROR          SIZE      DERIVATIVE 
   1  a1           2.00230e+03   1.21453e-01   5.34004e-02  -1.22875e-01
   2  b1           1.21273e+00   2.02987e-02   1.19678e-02  -3.98370e-01
   3  bkg_yield    4.78762e+05   9.80475e+02   4.63650e-03   3.01020e-01
   4  mean         2.01027e+03   2.13508e-04   4.27725e-04  -2.62309e+00
   5  sig_yield    2.18860e+06   1.63375e+03   4.86083e-03   4.06888e+00
   6  sigma        4.27325e-01   4.50014e-04   3.83163e-03   4.20781e+00
                               ERR DEF= 0.5
 MINUIT WARNING IN MIGRAD  
 ============== Negative diagonal element 1 in Error Matrix
 MINUIT WARNING IN MIGRAD  
 ============== 1 added to diagonal of error matrix
 MIGRAD FAILS TO FIND IMPROVEMENT
 MACHINE ACCURACY LIMITS FURTHER IMPROVEMENT.
 MIGRAD MINIMIZATION HAS CONVERGED.
 MIGRAD WILL VERIFY CONVERGENCE AND ERROR MATRIX.
 COVARIANCE MATRIX CALCULATED SUCCESSFULLY
 FCN=-3.30796e+07 FROM MIGRAD    STATUS=CONVERGED     179 CALLS         180 TOTAL
                     EDM=8.44808e-08    STRATEGY= 1      ERROR MATRIX ACCURATE 
  EXT PARAMETER                                   STEP         FIRST   
  NO.   NAME      VALUE            ERROR          SIZE      DERIVATIVE 
   1  a1           2.00230e+03   1.21328e-01   5.31994e-02  -6.91410e-03
   2  b1           1.21268e+00   2.02785e-02   1.19582e-02  -5.14522e-02
   3  bkg_yield    4.78764e+05   9.80399e+02   4.63651e-03  -9.98311e-03
   4  mean         2.01027e+03   2.13508e-04   4.27725e-04  -8.87286e-02
   5  sig_yield    2.18859e+06   1.63369e+03   4.86078e-03   3.56662e-02
   6  sigma        4.27322e-01   4.50001e-04   3.83162e-03   3.32145e-02
                               ERR DEF= 0.5
 EXTERNAL ERROR MATRIX.    NDIM=  25    NPAR=  6    ERR DEF=0.5
  1.473e-02 -2.372e-03  3.521e+01 -5.242e-07 -3.509e+01 -8.828e-06 
 -2.372e-03  4.112e-04 -7.880e+00  6.487e-08  7.854e+00  2.080e-06 
  3.521e+01 -7.880e+00  9.612e+05 -1.782e-03 -4.807e+05 -1.413e-01 
 -5.242e-07  6.487e-08 -1.782e-03  4.559e-08  1.780e-03  5.826e-10 
 -3.509e+01  7.854e+00 -4.807e+05  1.780e-03  2.669e+06  1.410e-01 
 -8.828e-06  2.080e-06 -1.413e-01  5.826e-10  1.410e-01  2.025e-07 
 PARAMETER  CORRELATION COEFFICIENTS  
       NO.  GLOBAL      1      2      3      4      5      6
        1  0.96912   1.000 -0.963  0.296 -0.020 -0.177 -0.162
        2  0.97195  -0.963  1.000 -0.396  0.015  0.237  0.228
        3  0.55385   0.296 -0.396  1.000 -0.009 -0.300 -0.320
        4  0.02932  -0.020  0.015 -0.009  1.000  0.005  0.006
        5  0.35521  -0.177  0.237 -0.300  0.005  1.000  0.192
        6  0.37206  -0.162  0.228 -0.320  0.006  0.192  1.000
 FCN=-3.30796e+07 FROM MINOS     STATUS=SUCCESSFUL    836 CALLS        1016 TOTAL
                     EDM=8.44808e-08    STRATEGY= 1      ERROR MATRIX ACCURATE 
  EXT PARAMETER                  PARABOLIC         MINOS ERRORS        
  NO.   NAME      VALUE            ERROR      NEGATIVE      POSITIVE   
   1  a1           2.00230e+03   1.21328e-01  -9.95041e-02   9.63588e-02
   2  b1           1.21268e+00   2.02785e-02  -1.61972e-02   1.65519e-02
   3  bkg_yield    4.78764e+05   9.80399e+02  -9.50317e+02   9.61693e+02
   4  mean         2.01027e+03   2.13508e-04  -2.13489e-04   2.13483e-04
   5  sig_yield    2.18859e+06   1.63369e+03  -1.61686e+03   1.61741e+03
   6  sigma        4.27322e-01   4.50001e-04  -4.47216e-04   4.46258e-04
                               ERR DEF= 0.5
[#1] INFO:NumericIntegration -- RooRealIntegral::init(arg_neg_Int[DTF_Mass]) using numeric integrator RooIntegrator1D to calculate Int(DTF_Mass)
[#1] INFO:Minization -- RooMinimizer::optimizeConst: activating const optimization
[#1] INFO:NumericIntegration -- RooRealIntegral::init(arg_neg_Int[DTF_Mass]) using numeric integrator RooIntegrator1D to calculate Int(DTF_Mass)
[#1] INFO:Minization --  The following expressions have been identified as constant and will be precalculated and cached: (sig_neg,arg_neg)
[#1] INFO:Fitting -- RooAbsPdf::fitTo(model_neg) Calculating sum-of-weights-squared correction matrix for covariance matrix
[#1] INFO:Minization -- RooMinimizer::optimizeConst: deactivating const optimization
[#1] INFO:InputArguments -- Printing Yields
RooArgList:: = (sig_yield,bkg_yield)
[#1] INFO:InputArguments -- yield in pdf: sig_yield 2.18859e+06
[#1] INFO:InputArguments -- yield in pdf: bkg_yield 478764
[#1] INFO:NumericIntegration -- RooRealIntegral::init(arg_neg_Int[DTF_Mass]) using numeric integrator RooIntegrator1D to calculate Int(DTF_Mass)
[#1] INFO:Eval -- Checking Likelihood normalization:  
[#1] INFO:Eval -- Yield of specie  Sum of Row in Matrix   Norm
[#1] INFO:Eval -- 2.18859e+06 2.18859e+06 1
[#1] INFO:Eval -- 478764 478764 1
[#1] INFO:Eval -- Calculating sWeight
 **********
 **   13 **HESSE        3000
 **********
 FIRST CALL TO USER FUNCTION AT NEW START POINT, WITH IFLAG=4.
[#1] INFO:NumericIntegration -- RooRealIntegral::init(arg_pos_Int[DTF_Mass]) using numeric integrator RooIntegrator1D to calculate Int(DTF_Mass)
[#1] INFO:Eval -- RooAbsTestStatistic::initMPMode: started 8 remote server process.
[#1] INFO:NumericIntegration -- RooRealIntegral::init(arg_pos_Int[DTF_Mass]) using numeric integrator RooIntegrator1D to calculate Int(DTF_Mass)
[#1] INFO:NumericIntegration -- RooRealIntegral::init(arg_pos_Int[DTF_Mass]) using numeric integrator RooIntegrator1D to calculate Int(DTF_Mass)
[#1] INFO:NumericIntegration -- RooRealIntegral::init(arg_pos_Int[DTF_Mass]) using numeric integrator RooIntegrator1D to calculate Int(DTF_Mass)
[#1] INFO:NumericIntegration -- RooRealIntegral::init(arg_pos_Int[DTF_Mass]) using numeric integrator RooIntegrator1D to calculate Int(DTF_Mass)
[#1] INFO:NumericIntegration -- RooRealIntegral::init(arg_pos_Int[DTF_Mass]) using numeric integrator RooIntegrator1D to calculate Int(DTF_Mass)
[#1] INFO:NumericIntegration -- RooRealIntegral::init(arg_pos_Int[DTF_Mass]) using numeric integrator RooIntegrator1D to calculate Int(DTF_Mass)
[#1] INFO:NumericIntegration -- RooRealIntegral::init(arg_pos_Int[DTF_Mass]) using numeric integrator RooIntegrator1D to calculate Int(DTF_Mass)
[#1] INFO:NumericIntegration -- RooRealIntegral::init(arg_pos_Int[DTF_Mass]) using numeric integrator RooIntegrator1D to calculate Int(DTF_Mass)
 MINUIT WARNING IN HESSE   
 ============== Negative diagonal element 1 in Error Matrix
 MINUIT WARNING IN HESSE   
 ============== 6625.6 added to diagonal of error matrix
 EIGENVALUES OF SECOND-DERIVATIVE MATRIX:
        -4.2713e+01  1.2819e-01  3.1849e-01  1.1202e+00  1.8568e+00  4.5289e+01
 MINUIT WARNING IN HESSE   
 ============== MATRIX FORCED POS-DEF BY ADDING 42.758161 TO DIAGONAL.
 FCN=-3.14054e+07 FROM HESSE     STATUS=NOT POSDEF     58 CALLS          59 TOTAL
                     EDM=2.95681e+09    STRATEGY= 1      ERR MATRIX NOT POS-DEF
  EXT PARAMETER                APPROXIMATE     INTERNAL      INTERNAL  
  NO.   NAME      VALUE            ERROR       STEP SIZE       VALUE   
   1  a2           2.00390e+03   3.74180e+00   5.00000e-01   8.40485e-01
   2  b2           1.32000e+00   1.00200e-02   2.58847e-01  -6.53152e-01
   3  bkg_yield_2   6.00000e+05   1.82055e+03   1.58024e-01  -2.01358e-01
   4  mean2        2.01000e+03   6.58354e-05   2.01358e-02   0.00000e+00
   5  sig_yield_2   2.00000e+06   1.25556e+03   1.33398e-01   3.89051e-01
   6  sigma2       3.10000e-01   2.82976e-04   8.99488e-02  -5.62536e-01
                               ERR DEF= 0.5
 EXTERNAL ERROR MATRIX.    NDIM=  25    NPAR=  6    ERR DEF=0.5
  2.471e+01 -4.971e-02 -9.024e+03  2.058e-04  6.148e+03  1.391e-03 
 -4.971e-02  1.004e-04  1.815e+01 -4.138e-07 -1.236e+01 -2.798e-06 
 -9.024e+03  1.815e+01  3.314e+06 -7.515e-02 -2.245e+06 -5.080e-01 
  2.058e-04 -4.138e-07 -7.515e-02  4.334e-09  5.120e-02  1.154e-08 
  6.148e+03 -1.236e+01 -2.245e+06  5.120e-02  1.576e+06  3.461e-01 
  1.391e-03 -2.798e-06 -5.080e-01  1.154e-08  3.461e-01  8.008e-08 
ERR MATRIX NOT POS-DEF
 PARAMETER  CORRELATION COEFFICIENTS  
       NO.  GLOBAL      1      2      3      4      5      6
        1  0.99897   1.000 -0.998 -0.997  0.629  0.985  0.989
        2  0.99788  -0.998  1.000  0.995 -0.627 -0.983 -0.987
        3  0.99700  -0.997  0.995  1.000 -0.627 -0.982 -0.986
        4  0.62892   0.629 -0.627 -0.627  1.000  0.619  0.620
        5  0.98490   0.985 -0.983 -0.982  0.619  1.000  0.974
        6  0.98904   0.989 -0.987 -0.986  0.620  0.974  1.000
 ERR MATRIX NOT POS-DEF
 **********
 **   13 **MIGRAD        3000           1
 **********
 FIRST CALL TO USER FUNCTION AT NEW START POINT, WITH IFLAG=4.
 START MIGRAD MINIMIZATION.  STRATEGY  1.  CONVERGENCE WHEN EDM .LT. 1.00e-03
 FCN=-3.1424e+07 FROM MIGRAD    STATUS=INITIATE       41 CALLS          42 TOTAL
                     EDM= unknown      STRATEGY= 1      NO ERROR MATRIX       
  EXT PARAMETER               CURRENT GUESS       STEP         FIRST   
  NO.   NAME      VALUE            ERROR          SIZE      DERIVATIVE 
   1  a2           2.00003e+03   3.74180e+00  -2.25000e+00   4.87168e+02
   2  b2           1.32000e+00   1.00200e-02   0.00000e+00   3.75921e+04
   3  bkg_yield_2   6.00000e+05   1.82055e+03   0.00000e+00   4.55311e+03
   4  mean2        2.01000e+03   6.58354e-05   0.00000e+00  -1.06811e+07
   5  sig_yield_2   2.00000e+06   1.25556e+03   0.00000e+00  -1.03096e+04
   6  sigma2       3.10000e-01   2.82976e-04   0.00000e+00  -9.59233e+05
                               ERR DEF= 0.5
 MIGRAD FAILS TO FIND IMPROVEMENT
 MACHINE ACCURACY LIMITS FURTHER IMPROVEMENT.
 MIGRAD MINIMIZATION HAS CONVERGED.
 MIGRAD WILL VERIFY CONVERGENCE AND ERROR MATRIX.
 COVARIANCE MATRIX CALCULATED SUCCESSFULLY
 FCN=-3.23205e+07 FROM HESSE     STATUS=OK             50 CALLS         343 TOTAL
                     EDM=0.0207428    STRATEGY= 1      ERROR MATRIX ACCURATE 
  EXT PARAMETER                                   STEP         FIRST   
  NO.   NAME      VALUE            ERROR          SIZE      DERIVATIVE 
   1  a2           2.00211e+03   1.36020e-01   5.50206e-02  -2.52221e+00
   2  b2           1.23655e+00   2.23121e-02   9.61956e-03   3.24294e+00
   3  bkg_yield_2   4.70182e+05   9.74392e+02   4.56496e-03   4.87463e+01
   4  mean2        2.01027e+03   2.16651e-04   4.29006e-04   2.15337e+02
   5  sig_yield_2   2.14157e+06   1.61835e+03   4.65385e-03   5.01370e+01
   6  sigma2       4.29170e-01   4.57766e-04   3.84423e-03   3.03491e+01
                               ERR DEF= 0.5
 MINUIT WARNING IN MIGRAD  
 ============== Negative diagonal element 1 in Error Matrix
 MINUIT WARNING IN MIGRAD  
 ============== Negative diagonal element 2 in Error Matrix
 MINUIT WARNING IN MIGRAD  
 ============== 1.00067 added to diagonal of error matrix
 MIGRAD FAILS TO FIND IMPROVEMENT
 MIGRAD TERMINATED WITHOUT CONVERGENCE.
 FCN=-3.23205e+07 FROM MIGRAD    STATUS=FAILED        418 CALLS         419 TOTAL
                     EDM=41.051    STRATEGY= 1  ERROR MATRIX UNCERTAINTY  54.5 per cent
  EXT PARAMETER                APPROXIMATE        STEP         FIRST   
  NO.   NAME      VALUE            ERROR          SIZE      DERIVATIVE 
   1  a2           2.00212e+03   1.44989e+00  -0.00000e+00   3.35080e+00
   2  b2           1.23443e+00   1.28809e+00   0.00000e+00  -2.42253e+00
   3  bkg_yield_2   4.70173e+05   1.96868e+05  -0.00000e+00  -4.63635e+00
   4  mean2        2.01027e+03   1.46242e-03  -0.00000e+00  -3.65912e-01
   5  sig_yield_2   2.14147e+06   8.00116e+05   0.00000e+00  -2.08238e+00
   6  sigma2       4.29154e-01   2.73571e-01   0.00000e+00   1.15104e+00
                               ERR DEF= 0.5
 EXTERNAL ERROR MATRIX.    NDIM=  25    NPAR=  6    ERR DEF=0.5
  2.490e+00 -4.931e-03 -1.267e+04  1.440e-05 -7.143e+03  2.248e-03 
 -4.931e-03  1.960e+00 -8.312e+04 -1.605e-03 -4.691e+04  1.473e-02 
 -1.267e+04 -8.312e+04  3.984e+10 -2.748e+01 -1.143e+11  3.588e+04 
  1.440e-05 -1.605e-03 -2.748e+01  2.139e-06  7.883e+02  5.509e-05 
 -7.143e+03 -4.691e+04 -1.143e+11  7.883e+02  7.482e+11  2.025e+04 
  2.248e-03  1.473e-02  3.588e+04  5.509e-05  2.025e+04  8.765e-02 
ERR MATRIX APPROXIMATE
 PARAMETER  CORRELATION COEFFICIENTS  
       NO.  GLOBAL      1      2      3      4      5      6
        1  0.99570   1.000 -0.002 -0.040  0.006 -0.005  0.005
        2  0.99992  -0.002  1.000 -0.297 -0.784 -0.039  0.036
        3  0.99999  -0.040 -0.297  1.000 -0.094 -0.662  0.607
        4  0.98898   0.006 -0.784 -0.094  1.000  0.623  0.127
        5  0.99998  -0.005 -0.039 -0.662  0.623  1.000  0.079
        6  0.99998   0.005  0.036  0.607  0.127  0.079  1.000
 ERR MATRIX APPROXIMATE
 **********
 **   13 **IMPROVE        3000
 **********
 FUNCTION MUST BE MINIMIZED BEFORE CALLING IMProve   
 FIRST CALL TO USER FUNCTION AT NEW START POINT, WITH IFLAG=4.
 START MIGRAD MINIMIZATION.  STRATEGY  1.  CONVERGENCE WHEN EDM .LT. 5.00e-05
 FCN=-3.23205e+07 FROM MIGRAD    STATUS=INITIATE       32 CALLS          33 TOTAL
                     EDM= unknown      STRATEGY= 1      NO ERROR MATRIX       
  EXT PARAMETER               CURRENT GUESS       STEP         FIRST   
  NO.   NAME      VALUE            ERROR          SIZE      DERIVATIVE 
   1  a2           2.00212e+03   1.44989e+00   7.07803e-01   3.50800e+00
   2  b2           1.23443e+00   1.28809e+00   7.11572e-01  -2.42363e+00
   3  bkg_yield_2   4.70173e+05   1.96868e+05   2.88969e-01  -4.63625e+00
   4  mean2        2.01027e+03   1.46242e-03   7.38007e-04  -3.65915e-01
   5  sig_yield_2   2.14147e+06   8.00116e+05   8.21920e-01  -3.18023e+00
   6  sigma2       4.29154e-01   2.73571e-01   7.07388e-01  -2.75093e+00
                               ERR DEF= 0.5
 MIGRAD FAILS TO FIND IMPROVEMENT
 COVARIANCE MATRIX CALCULATED SUCCESSFULLY
 FCN=-3.23205e+07 FROM HESSE     STATUS=OK             52 CALLS          96 TOTAL
                     EDM=0.000157254    STRATEGY= 1      ERROR MATRIX ACCURATE 
  EXT PARAMETER                                   STEP         FIRST   
  NO.   NAME      VALUE            ERROR          SIZE      DERIVATIVE 
   1  a2           2.00212e+03   1.35026e-01   5.58828e-02  -5.36590e-01
   2  b2           1.23443e+00   2.21764e-02   9.62313e-03  -1.93979e+00
   3  bkg_yield_2   4.70173e+05   9.74099e+02   4.56513e-03  -1.31781e+00
   4  mean2        2.01027e+03   2.16648e-04   4.29006e-04   6.13600e-01
   5  sig_yield_2   2.14147e+06   1.61806e+03   5.00000e-03   5.02072e+00
   6  sigma2       4.29154e-01   4.57667e-04   5.00000e-03   6.77699e+00
                               ERR DEF= 0.5
 MINUIT WARNING IN MIGRAD  
 ============== Negative diagonal element 1 in Error Matrix
 MINUIT WARNING IN MIGRAD  
 ============== 1.00006 added to diagonal of error matrix
 MIGRAD FAILS TO FIND IMPROVEMENT
 MACHINE ACCURACY LIMITS FURTHER IMPROVEMENT.
 MIGRAD MINIMIZATION HAS CONVERGED.
 MIGRAD WILL VERIFY CONVERGENCE AND ERROR MATRIX.
 COVARIANCE MATRIX CALCULATED SUCCESSFULLY
 FCN=-3.23205e+07 FROM MIGRAD    STATUS=CONVERGED     187 CALLS         188 TOTAL
                     EDM=6.78817e-06    STRATEGY= 1      ERROR MATRIX ACCURATE 
  EXT PARAMETER                                   STEP         FIRST   
  NO.   NAME      VALUE            ERROR          SIZE      DERIVATIVE 
   1  a2           2.00212e+03   1.34118e-01   5.47609e-02  -1.15884e-01
   2  b2           1.23426e+00   2.20324e-02   9.61134e-03  -6.61937e-01
   3  bkg_yield_2   4.70178e+05   9.73661e+02   4.56519e-03  -3.47564e-01
   4  mean2        2.01027e+03   2.16647e-04   4.29004e-04  -8.02145e-02
   5  sig_yield_2   2.14146e+06   1.61783e+03   4.65384e-03   1.18794e+00
   6  sigma2       4.29151e-01   4.57649e-04   3.84422e-03   1.59798e+00
                               ERR DEF= 0.5
 EXTERNAL ERROR MATRIX.    NDIM=  25    NPAR=  6    ERR DEF=0.5
  1.801e-02 -2.861e-03  3.954e+01 -6.405e-07 -3.941e+01 -1.017e-05 
 -2.861e-03  4.854e-04 -8.520e+00  8.175e-08  8.493e+00  2.301e-06 
  3.954e+01 -8.520e+00  9.480e+05 -1.986e-03 -4.763e+05 -1.436e-01 
 -6.405e-07  8.175e-08 -1.986e-03  4.694e-08  1.984e-03  6.042e-10 
 -3.941e+01  8.493e+00 -4.763e+05  1.984e-03  2.617e+06  1.433e-01 
 -1.017e-05  2.301e-06 -1.436e-01  6.042e-10  1.433e-01  2.094e-07 
 PARAMETER  CORRELATION COEFFICIENTS  
       NO.  GLOBAL      1      2      3      4      5      6
        1  0.97270   1.000 -0.968  0.303 -0.022 -0.182 -0.166
        2  0.97508  -0.968  1.000 -0.397  0.017  0.238  0.228
        3  0.55616   0.303 -0.397  1.000 -0.009 -0.302 -0.322
        4  0.03045  -0.022  0.017 -0.009  1.000  0.006  0.006
        5  0.35755  -0.182  0.238 -0.302  0.006  1.000  0.194
        6  0.37385  -0.166  0.228 -0.322  0.006  0.194  1.000
START ATTEMPT NO. 1 TO FIND NEW MINIMUM
 IMPROVE HAS RETURNED TO REGION OF ORIGINAL MINIMUM
 **********
 **   13 **HESSE        3000
 **********
 FIRST CALL TO USER FUNCTION AT NEW START POINT, WITH IFLAG=4.
 EIGENVALUES OF SECOND-DERIVATIVE MATRIX:
        -4.8450e-02  5.0594e-01  9.9903e-01  1.0731e+00  1.1862e+00  2.2841e+00
 MINUIT WARNING IN HESSE   
 ============== MATRIX FORCED POS-DEF BY ADDING 0.050734 TO DIAGONAL.
 FCN=-3.23205e+07 FROM HESSE     STATUS=NOT POSDEF     60 CALLS          61 TOTAL
                     EDM=0.000221533    STRATEGY= 1      ERR MATRIX NOT POS-DEF
  EXT PARAMETER                APPROXIMATE     INTERNAL      INTERNAL  
  NO.   NAME      VALUE            ERROR       STEP SIZE       VALUE   
   1  a2           2.00212e+03   4.59824e-01   5.00000e-01  -5.01977e-02
   2  b2           1.23426e+00   7.36947e-02   1.12579e-01  -6.95370e-01
   3  bkg_yield_2   4.70178e+05   1.13602e+03   1.42724e-02  -3.82343e-01
   4  mean2        2.01027e+03   2.12702e-04   1.09330e-05   1.35801e-01
   5  sig_yield_2   2.14146e+06   1.68809e+03   1.29476e-02   4.97091e-01
   6  sigma2       4.29151e-01   4.63012e-04   1.07690e-02  -2.71891e-01
                               ERR DEF= 0.5
 EXTERNAL ERROR MATRIX.    NDIM=  25    NPAR=  6    ERR DEF=0.5
  2.145e-01 -3.404e-02  3.185e+02 -1.132e-05 -3.116e+02 -6.789e-05 
 -3.404e-02  5.433e-03 -5.272e+01  1.778e-06  5.159e+01  1.143e-05 
  3.185e+02 -5.272e+01  1.291e+06 -1.724e-02 -8.194e+05 -2.121e-01 
 -1.132e-05  1.778e-06 -1.724e-02  4.524e-08  1.688e-02  3.648e-09 
 -3.116e+02  5.159e+01 -8.194e+05  1.688e-02  2.850e+06  2.082e-01 
 -6.789e-05  1.143e-05 -2.121e-01  3.648e-09  2.082e-01  2.144e-07 
ERR MATRIX NOT POS-DEF
 PARAMETER  CORRELATION COEFFICIENTS  
       NO.  GLOBAL      1      2      3      4      5      6
        1  0.99776   1.000 -0.997  0.605 -0.115 -0.399 -0.317
        2  0.99788  -0.997  1.000 -0.630  0.113  0.415  0.335
        3  0.71912   0.605 -0.630  1.000 -0.071 -0.427 -0.403
        4  0.11651  -0.115  0.113 -0.071  1.000  0.047  0.037
        5  0.48748  -0.399  0.415 -0.427  0.047  1.000  0.266
        6  0.44740  -0.317  0.335 -0.403  0.037  0.266  1.000
 ERR MATRIX NOT POS-DEF
[#1] INFO:Minization -- RooMinuit::optimizeConst: activating const optimization
 **********
 **   13 **MINOS        3000
 **********
 FUNCTION MUST BE MINIMIZED BEFORE CALLING MINOs     
 FIRST CALL TO USER FUNCTION AT NEW START POINT, WITH IFLAG=4.
 START MIGRAD MINIMIZATION.  STRATEGY  1.  CONVERGENCE WHEN EDM .LT. 5.00e-05
 FCN=-3.23205e+07 FROM MIGRAD    STATUS=INITIATE       24 CALLS          25 TOTAL
                     EDM= unknown      STRATEGY= 1      NO ERROR MATRIX       
  EXT PARAMETER               CURRENT GUESS       STEP         FIRST   
  NO.   NAME      VALUE            ERROR          SIZE      DERIVATIVE 
   1  a2           2.00212e+03   4.59824e-01   2.07495e-01   3.79169e+00
   2  b2           1.23426e+00   7.36947e-02   3.69412e-02  -1.14516e+00
   3  bkg_yield_2   4.70178e+05   1.13602e+03   1.63258e-03  -3.66608e+00
   4  mean2        2.01027e+03   2.12702e-04   1.07339e-04  -1.05968e+00
   5  sig_yield_2   2.14146e+06   1.68809e+03   1.32450e-03  -5.91680e+00
   6  sigma2       4.29151e-01   4.63012e-04   1.06816e-03  -4.03422e+00
                               ERR DEF= 0.5
 MIGRAD FAILS TO FIND IMPROVEMENT
 COVARIANCE MATRIX CALCULATED SUCCESSFULLY
 FCN=-3.23205e+07 FROM HESSE     STATUS=OK             52 CALLS          88 TOTAL
                     EDM=3.39279e-06    STRATEGY= 1      ERROR MATRIX ACCURATE 
  EXT PARAMETER                                   STEP         FIRST   
  NO.   NAME      VALUE            ERROR          SIZE      DERIVATIVE 
   1  a2           2.00212e+03   1.34240e-01   5.49350e-02  -1.15844e-01
   2  b2           1.23426e+00   2.20522e-02   9.61753e-03  -6.61931e-01
   3  bkg_yield_2   4.70178e+05   9.73743e+02   4.56519e-03  -3.47554e-01
   4  mean2        2.01027e+03   2.16647e-04   4.29004e-04  -8.02145e-02
   5  sig_yield_2   2.14146e+06   1.61788e+03   4.65384e-03   1.18795e+00
   6  sigma2       4.29151e-01   4.57661e-04   3.84422e-03   1.59798e+00
                               ERR DEF= 0.5
 MIGRAD FAILS TO FIND IMPROVEMENT
 MACHINE ACCURACY LIMITS FURTHER IMPROVEMENT.
 MIGRAD MINIMIZATION HAS CONVERGED.
 MIGRAD WILL VERIFY CONVERGENCE AND ERROR MATRIX.
 COVARIANCE MATRIX CALCULATED SUCCESSFULLY
 FCN=-3.23205e+07 FROM MIGRAD    STATUS=CONVERGED     165 CALLS         166 TOTAL
                     EDM=3.07219e-09    STRATEGY= 1      ERROR MATRIX ACCURATE 
  EXT PARAMETER                                   STEP         FIRST   
  NO.   NAME      VALUE            ERROR          SIZE      DERIVATIVE 
   1  a2           2.00212e+03   1.12994e-01   2.19740e-02  -3.83989e-03
   2  b2           1.23425e+00   1.85837e-02   3.84701e-03  -2.07834e-02
   3  bkg_yield_2   4.70179e+05   9.57936e+02   1.82608e-03  -6.96168e-03
   4  mean2        2.01027e+03   2.16630e-04   1.71602e-04  -3.33775e-02
   5  sig_yield_2   2.14146e+06   1.60880e+03   1.86154e-03   1.42835e-02
   6  sigma2       4.29150e-01   4.55472e-04   1.53769e-03   1.44148e-02
                               ERR DEF= 0.5
 EXTERNAL ERROR MATRIX.    NDIM=  25    NPAR=  6    ERR DEF=0.5
  1.278e-02 -2.005e-03  2.709e+01 -4.499e-07 -2.705e+01 -6.961e-06 
 -2.005e-03  3.454e-04 -6.477e+00  5.034e-08  6.469e+00  1.775e-06 
  2.709e+01 -6.477e+00  9.176e+05 -1.500e-03 -4.469e+05 -1.359e-01 
 -4.499e-07  5.034e-08 -1.500e-03  4.693e-08  1.500e-03  3.907e-10 
 -2.705e+01  6.469e+00 -4.469e+05  1.500e-03  2.588e+06  1.358e-01 
 -6.961e-06  1.775e-06 -1.359e-01  3.907e-10  1.358e-01  2.075e-07 
 PARAMETER  CORRELATION COEFFICIENTS  
       NO.  GLOBAL      1      2      3      4      5      6
        1  0.96131   1.000 -0.954  0.250 -0.018 -0.149 -0.135
        2  0.96480  -0.954  1.000 -0.364  0.013  0.216  0.210
        3  0.53522   0.250 -0.364  1.000 -0.007 -0.290 -0.311
        4  0.02783  -0.018  0.013 -0.007  1.000  0.004  0.004
        5  0.34354  -0.149  0.216 -0.290  0.004  1.000  0.185
        6  0.36266  -0.135  0.210 -0.311  0.004  0.185  1.000
 FCN=-3.23205e+07 FROM MINOS     STATUS=SUCCESSFUL    645 CALLS         811 TOTAL
                     EDM=3.07219e-09    STRATEGY= 1      ERROR MATRIX ACCURATE 
  EXT PARAMETER                  PARABOLIC         MINOS ERRORS        
